Data/chute_topo.asc
ncols        401
nrows        181
xllcorner    0.000000000000
yllcorner    0.000000000000
cellsize     0.020000000000
NODATA_value  0.00000
[rows 78 to 116 of 181, columns 0 to 88 of 401]
2.4433 2.4265 2.4097 2.3929 2.3762 2.3594 2.3426 2.3258 2.309 2.2923 2.2755 2.2587 2.2419 2.2251 2.2083 2.1915 2.1747 2.158 2.1412 2.1244 2.1076 2.0908 2.0741 2.0573 2.0405 2.0237 2.0069 1.9902 1.9734 1.9566 1.9398 1.923 1.9063 1.8895 1.8727 1.8559 1.8391 1.8224 1.8056 1.7888 1.772 1.7552 1.7384 1.7216 1.7049 1.6881 1.6713 1.6545 1.6377 1.621 1.6042 1.5874 1.5706 1.5538 1.5371 1.5203 1.5035 1.4867 1.4699 1.4532 1.4364 1.4196 1.4028 1.386 1.3692 1.3524 1.3356 1.3189 1.3021 1.2853 1.2685 1.2517 1.235 1.2182 1.2014 1.1846 1.1678 1.1511 1.1343 1.1175 1.1007 1.0839 1.0672 1.0504 1.0336 1.0168 1 0.98324 0.96646
2.4433 2.4265 2.4097 2.3929 2.3762 2.3594 2.3426 2.3258 2.309 2.2923 2.2755 2.2587 2.2419 2.2251 2.2083 2.1915 2.1747 2.158 2.1412 2.1244 2.1076 2.0908 2.0741 2.0573 2.0405 2.0237 2.0069 1.9902 1.9734 1.9566 1.9398 1.923 1.9063 1.8895 1.8727 1.8559 1.8391 1.8224 1.8056 1.7888 1.772 1.7552 1.7384 1.7216 1.7049 1.6881 1.6713 1.6545 1.6377 1.621 1.6042 1.5874 1.5706 1.5538 1.5371 1.5203 1.5035 1.4867 1.4699 1.4532 1.4364 1.4196 1.4028 1.386 1.3692 1.3524 1.3356 1.3189 1.3021 1.2853 1.2685 1.2517 1.235 1.2182 1.2014 1.1846 1.1678 1.1511 1.1343 1.1175 1.1007 1.0839 1.0672 1.0504 1.0336 1.0168 1 0.98324 0.96646
2.4433 2.4265 2.4097 2.3929 2.3762 2.3594 2.3426 2.3258 2.309 2.2923 2.2755 2.2587 2.2419 2.2251 2.2083 2.1915 2.1747 2.158 2.1412 2.1244 2.1076 2.0908 2.0741 2.0573 2.0405 2.0237 2.0069 1.9902 1.9734 1.9566 1.9398 1.923 1.9063 1.8895 1.8727 1.8559 1.8391 1.8224 1.8056 1.7888 1.772 1.7552 1.7384 1.7216 1.7049 1.6881 1.6713 1.6545 1.6377 1.621 1.6042 1.5874 1.5706 1.5538 1.5371 1.5203 1.5035 1.4867 1.4699 1.4532 1.4364 1.4196 1.4028 1.386 1.3692 1.3524 1.3356 1.3189 1.3021 1.2853 1.2685 1.2517 1.235 1.2182 1.2014 1.1846 1.1678 1.1511 1.1343 1.1175 1.1007 1.0839 1.0672 1.0504 1.0336 1.0168 1 0.98324 0.96646
2.4433 2.4265 2.4097 2.3929 2.3762 2.3594 2.3426 2.3258 2.309 2.2923 2.2755 2.2587 2.2419 2.2251 2.2083 2.1915 2.1747 2.158 2.1412 2.1244 2.1076 2.0908 2.0741 2.0573 2.0405 2.0237 2.0069 1.9902 1.9734 1.9566 1.9398 1.923 1.9063 1.8895 1.8727 1.8559 1.8391 1.8224 1.8056 1.7888 1.772 1.7552 1.7384 1.7216 1.7049 1.6881 1.6713 1.6545 1.6377 1.621 1.6042 1.5874 1.5706 1.5538 1.5371 1.5203 1.5035 1.4867 1.4699 1.4532 1.4364 1.4196 1.4028 1.386 1.3692 1.3524 1.3356 1.3189 1.3021 1.2853 1.2685 1.2517 1.235 1.2182 1.2014 1.1846 1.1678 1.1511 1.1343 1.1175 1.1007 1.0839 1.0672 1.0504 1.0336 1.0168 1 0.98324 0.96646
2.4433 2.4265 2.4097 2.3929 2.3762 2.3594 2.3426 2.3258 2.309 2.2923 2.2755 2.2587 2.2419 2.2251 2.2083 2.1915 2.1747 2.158 2.1412 2.1244 2.1076 2.0908 2.0741 2.0573 2.0405 2.0237 2.0069 1.9902 1.9734 1.9566 1.9398 1.923 1.9063 1.8895 1.8727 1.8559 1.8391 1.8224 1.8056 1.7888 1.772 1.7552 1.7384 1.7216 1.7049 1.6881 1.6713 1.6545 1.6377 1.621 1.6042 1.5874 1.5706 1.5538 1.5371 1.5203 1.5035 1.4867 1.4699 1.4532 1.4364 1.4196 1.4028 1.386 1.3692 1.3524 1.3356 1.3189 1.3021 1.2853 1.2685 1.2517 1.235 1.2182 1.2014 1.1846 1.1678 1.1511 1.1343 1.1175 1.1007 1.0839 1.0672 1.0504 1.0336 1.0168 1 0.98324 0.96646
2.4433 2.4265 2.4097 2.3929 2.3762 2.3594 2.3426 2.3258 2.309 2.2923 2.2755 2.2587 2.2419 2.2251 2.2083 2.1915 2.1747 2.158 2.1412 2.1244 2.1076 2.0908 2.0741 2.0573 2.0405 2.0237 2.0069 1.9902 1.9734 1.9566 1.9398 1.923 1.9063 1.8895 1.8727 1.8559 1.8391 1.8224 1.8056 1.7888 1.772 1.7552 1.7384 1.7216 1.7049 1.6881 1.6713 1.6545 1.6377 1.621 1.6042 1.5874 1.5706 1.5538 1.5371 1.5203 1.5035 1.4867 1.4699 1.4532 1.4364 1.4196 1.4028 1.386 1.3692 1.3524 1.3356 1.3189 1.3021 1.2853 1.2685 1.2517 1.235 1.2182 1.2014 1.1846 1.1678 1.1511 1.1343 1.1175 1.1007 1.0839 1.0672 1.0504 1.0336 1.0168 1 0.98324 0.96646
2.4433 2.4265 2.4097 2.3929 2.3762 2.3594 2.3426 2.3258 2.309 2.2923 2.2755 2.2587 2.2419 2.2251 2.2083 2.1915 2.1747 2.158 2.1412 2.1244 2.1076 2.0908 2.0741 2.0573 2.0405 2.0237 2.0069 1.9902 1.9734 1.9566 1.9398 1.923 1.9063 1.8895 1.8727 1.8559 1.8391 1.8224 1.8056 1.7888 1.772 1.7552 1.7384 1.7216 1.7049 1.6881 1.6713 1.6545 1.6377 1.621 1.6042 1.5874 1.5706 1.5538 1.5371 1.5203 1.5035 1.4867 1.4699 1.4532 1.4364 1.4196 1.4028 1.386 1.3692 1.3524 1.3356 1.3189 1.3021 1.2853 1.2685 1.2517 1.235 1.2182 1.2014 1.1846 1.1678 1.1511 1.1343 1.1175 1.1007 1.0839 1.0672 1.0504 1.0336 1.0168 1 0.98324 0.96646
2.4433 2.4265 2.4097 2.3929 2.3762 2.3594 2.3426 2.3258 2.309 2.2923 2.2755 2.2587 2.2419 2.2251 2.2083 2.1915 2.1747 2.158 2.1412 2.1244 2.1076 2.0908 2.0741 2.0573 2.0405 2.0237 2.0069 1.9902 1.9734 1.9566 1.9398 1.923 1.9063 1.8895 1.8727 1.8559 1.8391 1.8224 1.8056 1.7888 1.772 1.7552 1.7384 1.7216 1.7049 1.6881 1.6713 1.6545 1.6377 1.621 1.6042 1.5874 1.5706 1.5538 1.5371 1.5203 1.5035 1.4867 1.4699 1.4532 1.4364 1.4196 1.4028 1.386 1.3692 1.3524 1.3356 1.3189 1.3021 1.2853 1.2685 1.2517 1.235 1.2182 1.2014 1.1846 1.1678 1.1511 1.1343 1.1175 1.1007 1.0839 1.0672 1.0504 1.0336 1.0168 1 0.98324 0.96646
2.4433 2.4265 2.4097 2.3929 2.3762 2.3594 2.3426 2.3258 2.309 2.2923 2.2755 2.2587 2.2419 2.2251 2.2083 2.1915 2.1747 2.158 2.1412 2.1244 2.1076 2.0908 2.0741 2.0573 2.0405 2.0237 2.0069 1.9902 1.9734 1.9566 1.9398 1.923 1.9063 1.8895 1.8727 1.8559 1.8391 1.8224 1.8056 1.7888 1.772 1.7552 1.7384 1.7216 1.7049 1.6881 1.6713 1.6545 1.6377 1.621 1.6042 1.5874 1.5706 1.5538 1.5371 1.5203 1.5035 1.4867 1.4699 1.4532 1.4364 1.4196 1.4028 1.386 1.3692 1.3524 1.3356 1.3189 1.3021 1.2853 1.2685 1.2517 1.235 1.2182 1.2014 1.1846 1.1678 1.1511 1.1343 1.1175 1.1007 1.0839 1.0672 1.0504 1.0336 1.0168 1 0.98324 0.96646
2.4433 2.4265 2.4097 2.3929 2.3762 2.3594 2.3426 2.3258 2.309 2.2923 2.2755 2.2587 2.2419 2.2251 2.2083 2.1915 2.1747 2.158 2.1412 2.1244 2.1076 2.0908 2.0741 2.0573 2.0405 2.0237 2.0069 1.9902 1.9734 1.9566 1.9398 1.923 1.9063 1.8895 1.8727 1.8559 1.8391 1.8224 1.8056 1.7888 1.772 1.7552 1.7384 1.7216 1.7049 1.6881 1.6713 1.6545 1.6377 1.621 1.6042 1.5874 1.5706 1.5538 1.5371 1.5203 1.5035 1.4867 1.4699 1.4532 1.4364 1.4196 1.4028 1.386 1.3692 1.3524 1.3356 1.3189 1.3021 1.2853 1.2685 1.2517 1.235 1.2182 1.2014 1.1846 1.1678 1.1511 1.1343 1.1175 1.1007 1.0839 1.0672 1.0504 1.0336 1.0168 1 0.98324 0.96646
2.4433 2.4265 2.4097 2.3929 2.3762 2.3594 2.3426 2.3258 2.309 2.2923 2.2755 2.2587 2.2419 2.2251 2.2083 2.1915 2.1747 2.158 2.1412 2.1244 2.1076 2.0908 2.0741 2.0573 2.0405 2.0237 2.0069 1.9902 1.9734 1.9566 1.9398 1.923 1.9063 1.8895 1.8727 1.8559 1.8391 1.8224 1.8056 1.7888 1.772 1.7552 1.7384 1.7216 1.7049 1.6881 1.6713 1.6545 1.6377 1.621 1.6042 1.5874 1.5706 1.5538 1.5371 1.5203 1.5035 1.4867 1.4699 1.4532 1.4364 1.4196 1.4028 1.386 1.3692 1.3524 1.3356 1.3189 1.3021 1.2853 1.2685 1.2517 1.235 1.2182 1.2014 1.1846 1.1678 1.1511 1.1343 1.1175 1.1007 1.0839 1.0672 1.0504 1.0336 1.0168 1 0.98324 0.96646
2.4433 2.4265 2.4097 2.3929 2.3762 2.3594 2.3426 2.3258 2.309 2.2923 2.2755 2.2587 2.2419 2.2251 2.2083 2.1915 2.1747 2.158 2.1412 2.1244 2.1076 2.0908 2.0741 2.0573 2.0405 2.0237 2.0069 1.9902 1.9734 1.9566 1.9398 1.923 1.9063 1.8895 1.8727 1.8559 1.8391 1.8224 1.8056 1.7888 1.772 1.7552 1.7384 1.7216 1.7049 1.6881 1.6713 1.6545 1.6377 1.621 1.6042 1.5874 1.5706 1.5538 1.5371 1.5203 1.5035 1.4867 1.4699 1.4532 1.4364 1.4196 1.4028 1.386 1.3692 1.3524 1.3356 1.3189 1.3021 1.2853 1.2685 1.2517 1.235 1.2182 1.2014 1.1846 1.1678 1.1511 1.1343 1.1175 1.1007 1.0839 1.0672 1.0504 1.0336 1.0168 1 0.98324 0.96646
2.4433 2.4265 2.4097 2.3929 2.3762 2.3594 2.3426 2.3258 2.309 2.2923 2.2755 2.2587 2.2419 2.2251 2.2083 2.1915 2.1747 2.158 2.1412 2.1244 2.1076 2.0908 2.0741 2.0573 2.0405 2.0237 2.0069 1.9902 1.9734 1.9566 1.9398 1.923 1.9063 1.8895 1.8727 1.8559 1.8391 1.8224 1.8056 1.7888 1.772 1.7552 1.7384 1.7216 1.7049 1.6881 1.6713 1.6545 1.6377 1.621 1.6042 1.5874 1.5706 1.5538 1.5371 1.5203 1.5035 1.4867 1.4699 1.4532 1.4364 1.4196 1.4028 1.386 1.3692 1.3524 1.3356 1.3189 1.3021 1.2853 1.2685 1.2517 1.235 1.2182 1.2014 1.1846 1.1678 1.1511 1.1343 1.1175 1.1007 1.0839 1.0672 1.0504 1.0336 1.0168 1 0.98324 0.96646
2.4433 2.4265 2.4097 2.3929 2.3762 2.3594 2.3426 2.3258 2.309 2.2923 2.2755 2.2587 2.2419 2.2251 2.2083 2.1915 2.1747 2.158 2.1412 2.1244 2.1076 2.0908 2.0741 2.0573 2.0405 2.0237 2.0069 1.9902 1.9734 1.9566 1.9398 1.923 1.9063 1.8895 1.8727 1.8559 1.8391 1.8224 1.8056 1.7888 1.772 1.7552 1.7384 1.7216 1.7049 1.6881 1.6713 1.6545 1.6377 1.621 1.6042 1.5874 1.5706 1.5538 1.5371 1.5203 1.5035 1.4867 1.4699 1.4532 1.4364 1.4196 1.4028 1.386 1.3692 1.3524 1.3356 1.3189 1.3021 1.2853 1.2685 1.2517 1.235 1.2182 1.2014 1.1846 1.1678 1.1511 1.1343 1.1175 1.1007 1.0839 1.0672 1.0504 1.0336 1.0168 1 0.98324 0.96646
2.4433 2.4265 2.4097 2.3929 2.3762 2.3594 2.3426 2.3258 2.309 2.2923 2.2755 2.2587 2.2419 2.2251 2.2083 2.1915 2.1747 2.158 2.1412 2.1244 2.1076 2.0908 2.0741 2.0573 2.0405 2.0237 2.0069 1.9902 1.9734 1.9566 1.9398 1.923 1.9063 1.8895 1.8727 1.8559 1.8391 1.8224 1.8056 1.7888 1.772 1.7552 1.7384 1.7216 1.7049 1.6881 1.6713 1.6545 1.6377 1.621 1.6042 1.5874 1.5706 1.5538 1.5371 1.5203 1.5035 1.4867 1.4699 1.4532 1.4364 1.4196 1.4028 1.386 1.3692 1.3524 1.3356 1.3189 1.3021 1.2853 1.2685 1.2517 1.235 1.2182 1.2014 1.1846 1.1678 1.1511 1.1343 1.1175 1.1007 1.0839 1.0672 1.0504 1.0336 1.0168 1 0.98324 0.96646
2.4433 2.4265 2.4097 2.3929 2.3762 2.3594 2.3426 2.3258 2.309 2.2923 2.2755 2.2587 2.2419 2.2251 2.2083 2.1915 2.1747 2.158 2.1412 2.1244 2.1076 2.0908 2.0741 2.0573 2.0405 2.0237 2.0069 1.9902 1.9734 1.9566 1.9398 1.923 1.9063 1.8895 1.8727 1.8559 1.8391 1.8224 1.8056 1.7888 1.772 1.7552 1.7384 1.7216 1.7049 1.6881 1.6713 1.6545 1.6377 1.621 1.6042 1.5874 1.5706 1.5538 1.5371 1.5203 1.5035 1.4867 1.4699 1.4532 1.4364 1.4196 1.4028 1.386 1.3692 1.3524 1.3356 1.3189 1.3021 1.2853 1.2685 1.2517 1.235 1.2182 1.2014 1.1846 1.1678 1.1511 1.1343 1.1175 1.1007 1.0839 1.0672 1.0504 1.0336 1.0168 1 0.98324 0.96646
2.4433 2.4265 2.4097 2.3929 2.3762 2.3594 2.3426 2.3258 2.309 2.2923 2.2755 2.2587 2.2419 2.2251 2.2083 2.1915 2.1747 2.158 2.1412 2.1244 2.1076 2.0908 2.0741 2.0573 2.0405 2.0237 2.0069 1.9902 1.9734 1.9566 1.9398 1.923 1.9063 1.8895 1.8727 1.8559 1.8391 1.8224 1.8056 1.7888 1.772 1.7552 1.7384 1.7216 1.7049 1.6881 1.6713 1.6545 1.6377 1.621 1.6042 1.5874 1.5706 1.5538 1.5371 1.5203 1.5035 1.4867 1.4699 1.4532 1.4364 1.4196 1.4028 1.386 1.3692 1.3524 1.3356 1.3189 1.3021 1.2853 1.2685 1.2517 1.235 1.2182 1.2014 1.1846 1.1678 1.1511 1.1343 1.1175 1.1007 1.0839 1.0672 1.0504 1.0336 1.0168 1 0.98324 0.96646
2.4433 2.4265 2.4097 2.3929 2.3762 2.3594 2.3426 2.3258 2.309 2.2923 2.2755 2.2587 2.2419 2.2251 2.2083 2.1915 2.1747 2.158 2.1412 2.1244 2.1076 2.0908 2.0741 2.0573 2.0405 2.0237 2.0069 1.9902 1.9734 1.9566 1.9398 1.923 1.9063 1.8895 1.8727 1.8559 1.8391 1.8224 1.8056 1.7888 1.772 1.7552 1.7384 1.7216 1.7049 1.6881 1.6713 1.6545 1.6377 1.621 1.6042 1.5874 1.5706 1.5538 1.5371 1.5203 1.5035 1.4867 1.4699 1.4532 1.4364 1.4196 1.4028 1.386 1.3692 1.3524 1.3356 1.3189 1.3021 1.2853 1.2685 1.2517 1.235 1.2182 1.2014 1.1846 1.1678 1.1511 1.1343 1.1175 1.1007 1.0839 1.0672 1.0504 1.0336 1.0168 1 0.98324 0.96646
2.4433 2.4265 2.4097 2.3929 2.3762 2.3594 2.3426 2.3258 2.309 2.2923 2.2755 2.2587 2.2419 2.2251 2.2083 2.1915 2.1747 2.158 2.1412 2.1244 2.1076 2.0908 2.0741 2.0573 2.0405 2.0237 2.0069 1.9902 1.9734 1.9566 1.9398 1.923 1.9063 1.8895 1.8727 1.8559 1.8391 1.8224 1.8056 1.7888 1.772 1.7552 1.7384 1.7216 1.7049 1.6881 1.6713 1.6545 1.6377 1.621 1.6042 1.5874 1.5706 1.5538 1.5371 1.5203 1.5035 1.4867 1.4699 1.4532 1.4364 1.4196 1.4028 1.386 1.3692 1.3524 1.3356 1.3189 1.3021 1.2853 1.2685 1.2517 1.235 1.2182 1.2014 1.1846 1.1678 1.1511 1.1343 1.1175 1.1007 1.0839 1.0672 1.0504 1.0336 1.0168 1 0.98324 0.96646
2.4433 2.4265 2.4097 2.3929 2.3762 2.3594 2.3426 2.3258 2.309 2.2923 2.2755 2.2587 2.2419 2.2251 2.2083 2.1915 2.1747 2.158 2.1412 2.1244 2.1076 2.0908 2.0741 2.0573 2.0405 2.0237 2.0069 1.9902 1.9734 1.9566 1.9398 1.923 1.9063 1.8895 1.8727 1.8559 1.8391 1.8224 1.8056 1.7888 1.772 1.7552 1.7384 1.7216 1.7049 1.6881 1.6713 1.6545 1.6377 1.621 1.6042 1.5874 1.5706 1.5538 1.5371 1.5203 1.5035 1.4867 1.4699 1.4532 1.4364 1.4196 1.4028 1.386 1.3692 1.3524 1.3356 1.3189 1.3021 1.2853 1.2685 1.2517 1.235 1.2182 1.2014 1.1846 1.1678 1.1511 1.1343 1.1175 1.1007 1.0839 1.0672 1.0504 1.0336 1.0168 1 0.98324 0.96646
2.4433 2.4265 2.4097 2.3929 2.3762 2.3594 2.3426 2.3258 2.309 2.2923 2.2755 2.2587 2.2419 2.2251 2.2083 2.1915 2.1747 2.158 2.1412 2.1244 2.1076 2.0908 2.0741 2.0573 2.0405 2.0237 2.0069 1.9902 1.9734 1.9566 1.9398 1.923 1.9063 1.8895 1.8727 1.8559 1.8391 1.8224 1.8056 1.7888 1.772 1.7552 1.7384 1.7216 1.7049 1.6881 1.6713 1.6545 1.6377 1.621 1.6042 1.5874 1.5706 1.5538 1.5371 1.5203 1.5035 1.4867 1.4699 1.4532 1.4364 1.4196 1.4028 1.386 1.3692 1.3524 1.3356 1.3189 1.3021 1.2853 1.2685 1.2517 1.235 1.2182 1.2014 1.1846 1.1678 1.1511 1.1343 1.1175 1.1007 1.0839 1.0672 1.0504 1.0336 1.0168 1 0.98324 0.96646
2.4433 2.4265 2.4097 2.3929 2.3762 2.3594 2.3426 2.3258 2.309 2.2923 2.2755 2.2587 2.2419 2.2251 2.2083 2.1915 2.1747 2.158 2.1412 2.1244 2.1076 2.0908 2.0741 2.0573 2.0405 2.0237 2.0069 1.9902 1.9734 1.9566 1.9398 1.923 1.9063 1.8895 1.8727 1.8559 1.8391 1.8224 1.8056 1.7888 1.772 1.7552 1.7384 1.7216 1.7049 1.6881 1.6713 1.6545 1.6377 1.621 1.6042 1.5874 1.5706 1.5538 1.5371 1.5203 1.5035 1.4867 1.4699 1.4532 1.4364 1.4196 1.4028 1.386 1.3692 1.3524 1.3356 1.3189 1.3021 1.2853 1.2685 1.2517 1.235 1.2182 1.2014 1.1846 1.1678 1.1511 1.1343 1.1175 1.1007 1.0839 1.0672 1.0504 1.0336 1.0168 1 0.98324 0.96646
2.4433 2.4265 2.4097 2.3929 2.3762 2.3594 2.3426 2.3258 2.309 2.2923 2.2755 2.2587 2.2419 2.2251 2.2083 2.1915 2.1747 2.158 2.1412 2.1244 2.1076 2.0908 2.0741 2.0573 2.0405 2.0237 2.0069 1.9902 1.9734 1.9566 1.9398 1.923 1.9063 1.8895 1.8727 1.8559 1.8391 1.8224 1.8056 1.7888 1.772 1.7552 1.7384 1.7216 1.7049 1.6881 1.6713 1.6545 1.6377 1.621 1.6042 1.5874 1.5706 1.5538 1.5371 1.5203 1.5035 1.4867 1.4699 1.4532 1.4364 1.4196 1.4028 1.386 1.3692 1.3524 1.3356 1.3189 1.3021 1.2853 1.2685 1.2517 1.235 1.2182 1.2014 1.1846 1.1678 1.1511 1.1343 1.1175 1.1007 1.0839 1.0672 1.0504 1.0336 1.0168 1 0.98324 0.96646
2.4433 2.4265 2.4097 2.3929 2.3762 2.3594 2.3426 2.3258 2.309 2.2923 2.2755 2.2587 2.2419 2.2251 2.2083 2.1915 2.1747 2.158 2.1412 2.1244 2.1076 2.0908 2.0741 2.0573 2.0405 2.0237 2.0069 1.9902 1.9734 1.9566 1.9398 1.923 1.9063 1.8895 1.8727 1.8559 1.8391 1.8224 1.8056 1.7888 1.772 1.7552 1.7384 1.7216 1.7049 1.6881 1.6713 1.6545 1.6377 1.621 1.6042 1.5874 1.5706 1.5538 1.5371 1.5203 1.5035 1.4867 1.4699 1.4532 1.4364 1.4196 1.4028 1.386 1.3692 1.3524 1.3356 1.3189 1.3021 1.2853 1.2685 1.2517 1.235 1.2182 1.2014 1.1846 1.1678 1.1511 1.1343 1.1175 1.1007 1.0839 1.0672 1.0504 1.0336 1.0168 1 0.98324 0.96646
2.4433 2.4265 2.4097 2.3929 2.3762 2.3594 2.3426 2.3258 2.309 2.2923 2.2755 2.2587 2.2419 2.2251 2.2083 2.1915 2.1747 2.158 2.1412 2.1244 2.1076 2.0908 2.0741 2.0573 2.0405 2.0237 2.0069 1.9902 1.9734 1.9566 1.9398 1.923 1.9063 1.8895 1.8727 1.8559 1.8391 1.8224 1.8056 1.7888 1.772 1.7552 1.7384 1.7216 1.7049 1.6881 1.6713 1.6545 1.6377 1.621 1.6042 1.5874 1.5706 1.5538 1.5371 1.5203 1.5035 1.4867 1.4699 1.4532 1.4364 1.4196 1.4028 1.386 1.3692 1.3524 1.3356 1.3189 1.3021 1.2853 1.2685 1.2517 1.235 1.2182 1.2014 1.1846 1.1678 1.1511 1.1343 1.1175 1.1007 1.0839 1.0672 1.0504 1.0336 1.0168 1 0.98324 0.96646
2.4433 2.4265 2.4097 2.3929 2.3762 2.3594 2.3426 2.3258 2.309 2.2923 2.2755 2.2587 2.2419 2.2251 2.2083 2.1915 2.1747 2.158 2.1412 2.1244 2.1076 2.0908 2.0741 2.0573 2.0405 2.0237 2.0069 1.9902 1.9734 1.9566 1.9398 1.923 1.9063 1.8895 1.8727 1.8559 1.8391 1.8224 1.8056 1.7888 1.772 1.7552 1.7384 1.7216 1.7049 1.6881 1.6713 1.6545 1.6377 1.621 1.6042 1.5874 1.5706 1.5538 1.5371 1.5203 1.5035 1.4867 1.4699 1.4532 1.4364 1.4196 1.4028 1.386 1.3692 1.3524 1.3356 1.3189 1.3021 1.2853 1.2685 1.2517 1.235 1.2182 1.2014 1.1846 1.1678 1.1511 1.1343 1.1175 1.1007 1.0839 1.0672 1.0504 1.0336 1.0168 1 0.98324 0.96646
2.4433 2.4265 2.4097 2.3929 2.3762 2.3594 2.3426 2.3258 2.309 2.2923 2.2755 2.2587 2.2419 2.2251 2.2083 2.1915 2.1747 2.158 2.1412 2.1244 2.1076 2.0908 2.0741 2.0573 2.0405 2.0237 2.0069 1.9902 1.9734 1.9566 1.9398 1.923 1.9063 1.8895 1.8727 1.8559 1.8391 1.8224 1.8056 1.7888 1.772 1.7552 1.7384 1.7216 1.7049 1.6881 1.6713 1.6545 1.6377 1.621 1.6042 1.5874 1.5706 1.5538 1.5371 1.5203 1.5035 1.4867 1.4699 1.4532 1.4364 1.4196 1.4028 1.386 1.3692 1.3524 1.3356 1.3189 1.3021 1.2853 1.2685 1.2517 1.235 1.2182 1.2014 1.1846 1.1678 1.1511 1.1343 1.1175 1.1007 1.0839 1.0672 1.0504 1.0336 1.0168 1 0.98324 0.96646
2.4433 2.4265 2.4097 2.3929 2.3762 2.3594 2.3426 2.3258 2.309 2.2923 2.2755 2.2587 2.2419 2.2251 2.2083 2.1915 2.1747 2.158 2.1412 2.1244 2.1076 2.0908 2.0741 2.0573 2.0405 2.0237 2.0069 1.9902 1.9734 1.9566 1.9398 1.923 1.9063 1.8895 1.8727 1.8559 1.8391 1.8224 1.8056 1.7888 1.772 1.7552 1.7384 1.7216 1.7049 1.6881 1.6713 1.6545 1.6377 1.621 1.6042 1.5874 1.5706 1.5538 1.5371 1.5203 1.5035 1.4867 1.4699 1.4532 1.4364 1.4196 1.4028 1.386 1.3692 1.3524 1.3356 1.3189 1.3021 1.2853 1.2685 1.2517 1.235 1.2182 1.2014 1.1846 1.1678 1.1511 1.1343 1.1175 1.1007 1.0839 1.0672 1.0504 1.0336 1.0168 1 0.98324 0.96646
2.4433 2.4265 2.4097 2.3929 2.3762 2.3594 2.3426 2.3258 2.309 2.2923 2.2755 2.2587 2.2419 2.2251 2.2083 2.1915 2.1747 2.158 2.1412 2.1244 2.1076 2.0908 2.0741 2.0573 2.0405 2.0237 2.0069 1.9902 1.9734 1.9566 1.9398 1.923 1.9063 1.8895 1.8727 1.8559 1.8391 1.8224 1.8056 1.7888 1.772 1.7552 1.7384 1.7216 1.7049 1.6881 1.6713 1.6545 1.6377 1.621 1.6042 1.5874 1.5706 1.5538 1.5371 1.5203 1.5035 1.4867 1.4699 1.4532 1.4364 1.4196 1.4028 1.386 1.3692 1.3524 1.3356 1.3189 1.3021 1.2853 1.2685 1.2517 1.235 1.2182 1.2014 1.1846 1.1678 1.1511 1.1343 1.1175 1.1007 1.0839 1.0672 1.0504 1.0336 1.0168 1 0.98324 0.96646
2.4433 2.4265 2.4097 2.3929 2.3762 2.3594 2.3426 2.3258 2.309 2.2923 2.2755 2.2587 2.2419 2.2251 2.2083 2.1915 2.1747 2.158 2.1412 2.1244 2.1076 2.0908 2.0741 2.0573 2.0405 2.0237 2.0069 1.9902 1.9734 1.9566 1.9398 1.923 1.9063 1.8895 1.8727 1.8559 1.8391 1.8224 1.8056 1.7888 1.772 1.7552 1.7384 1.7216 1.7049 1.6881 1.6713 1.6545 1.6377 1.621 1.6042 1.5874 1.5706 1.5538 1.5371 1.5203 1.5035 1.4867 1.4699 1.4532 1.4364 1.4196 1.4028 1.386 1.3692 1.3524 1.3356 1.3189 1.3021 1.2853 1.2685 1.2517 1.235 1.2182 1.2014 1.1846 1.1678 1.1511 1.1343 1.1175 1.1007 1.0839 1.0672 1.0504 1.0336 1.0168 1 0.98324 0.96646
2.4433 2.4265 2.4097 2.3929 2.3762 2.3594 2.3426 2.3258 2.309 2.2923 2.2755 2.2587 2.2419 2.2251 2.2083 2.1915 2.1747 2.158 2.1412 2.1244 2.1076 2.0908 2.0741 2.0573 2.0405 2.0237 2.0069 1.9902 1.9734 1.9566 1.9398 1.923 1.9063 1.8895 1.8727 1.8559 1.8391 1.8224 1.8056 1.7888 1.772 1.7552 1.7384 1.7216 1.7049 1.6881 1.6713 1.6545 1.6377 1.621 1.6042 1.5874 1.5706 1.5538 1.5371 1.5203 1.5035 1.4867 1.4699 1.4532 1.4364 1.4196 1.4028 1.386 1.3692 1.3524 1.3356 1.3189 1.3021 1.2853 1.2685 1.2517 1.235 1.2182 1.2014 1.1846 1.1678 1.1511 1.1343 1.1175 1.1007 1.0839 1.0672 1.0504 1.0336 1.0168 1 0.98324 0.96646
2.4433 2.4265 2.4097 2.3929 2.3762 2.3594 2.3426 2.3258 2.309 2.2923 2.2755 2.2587 2.2419 2.2251 2.2083 2.1915 2.1747 2.158 2.1412 2.1244 2.1076 2.0908 2.0741 2.0573 2.0405 2.0237 2.0069 1.9902 1.9734 1.9566 1.9398 1.923 1.9063 1.8895 1.8727 1.8559 1.8391 1.8224 1.8056 1.7888 1.772 1.7552 1.7384 1.7216 1.7049 1.6881 1.6713 1.6545 1.6377 1.621 1.6042 1.5874 1.5706 1.5538 1.5371 1.5203 1.5035 1.4867 1.4699 1.4532 1.4364 1.4196 1.4028 1.386 1.3692 1.3524 1.3356 1.3189 1.3021 1.2853 1.2685 1.2517 1.235 1.2182 1.2014 1.1846 1.1678 1.1511 1.1343 1.1175 1.1007 1.0839 1.0672 1.0504 1.0336 1.0168 1 0.98324 0.96646
2.4433 2.4265 2.4097 2.3929 2.3762 2.3594 2.3426 2.3258 2.309 2.2923 2.2755 2.2587 2.2419 2.2251 2.2083 2.1915 2.1747 2.158 2.1412 2.1244 2.1076 2.0908 2.0741 2.0573 2.0405 2.0237 2.0069 1.9902 1.9734 1.9566 1.9398 1.923 1.9063 1.8895 1.8727 1.8559 1.8391 1.8224 1.8056 1.7888 1.772 1.7552 1.7384 1.7216 1.7049 1.6881 1.6713 1.6545 1.6377 1.621 1.6042 1.5874 1.5706 1.5538 1.5371 1.5203 1.5035 1.4867 1.4699 1.4532 1.4364 1.4196 1.4028 1.386 1.3692 1.3524 1.3356 1.3189 1.3021 1.2853 1.2685 1.2517 1.235 1.2182 1.2014 1.1846 1.1678 1.1511 1.1343 1.1175 1.1007 1.0839 1.0672 1.0504 1.0336 1.0168 1 0.98324 0.96646
2.4433 2.4265 2.4097 2.3929 2.3762 2.3594 2.3426 2.3258 2.309 2.2923 2.2755 2.2587 2.2419 2.2251 2.2083 2.1915 2.1747 2.158 2.1412 2.1244 2.1076 2.0908 2.0741 2.0573 2.0405 2.0237 2.0069 1.9902 1.9734 1.9566 1.9398 1.923 1.9063 1.8895 1.8727 1.8559 1.8391 1.8224 1.8056 1.7888 1.772 1.7552 1.7384 1.7216 1.7049 1.6881 1.6713 1.6545 1.6377 1.621 1.6042 1.5874 1.5706 1.5538 1.5371 1.5203 1.5035 1.4867 1.4699 1.4532 1.4364 1.4196 1.4028 1.386 1.3692 1.3524 1.3356 1.3189 1.3021 1.2853 1.2685 1.2517 1.235 1.2182 1.2014 1.1846 1.1678 1.1511 1.1343 1.1175 1.1007 1.0839 1.0672 1.0504 1.0336 1.0168 1 0.98324 0.96646
2.4433 2.4265 2.4097 2.3929 2.3762 2.3594 2.3426 2.3258 2.309 2.2923 2.2755 2.2587 2.2419 2.2251 2.2083 2.1915 2.1747 2.158 2.1412 2.1244 2.1076 2.0908 2.0741 2.0573 2.0405 2.0237 2.0069 1.9902 1.9734 1.9566 1.9398 1.923 1.9063 1.8895 1.8727 1.8559 1.8391 1.8224 1.8056 1.7888 1.772 1.7552 1.7384 1.7216 1.7049 1.6881 1.6713 1.6545 1.6377 1.621 1.6042 1.5874 1.5706 1.5538 1.5371 1.5203 1.5035 1.4867 1.4699 1.4532 1.4364 1.4196 1.4028 1.386 1.3692 1.3524 1.3356 1.3189 1.3021 1.2853 1.2685 1.2517 1.235 1.2182 1.2014 1.1846 1.1678 1.1511 1.1343 1.1175 1.1007 1.0839 1.0672 1.0504 1.0336 1.0168 1 0.98324 0.96646
2.4433 2.4265 2.4097 2.3929 2.3762 2.3594 2.3426 2.3258 2.309 2.2923 2.2755 2.2587 2.2419 2.2251 2.2083 2.1915 2.1747 2.158 2.1412 2.1244 2.1076 2.0908 2.0741 2.0573 2.0405 2.0237 2.0069 1.9902 1.9734 1.9566 1.9398 1.923 1.9063 1.8895 1.8727 1.8559 1.8391 1.8224 1.8056 1.7888 1.772 1.7552 1.7384 1.7216 1.7049 1.6881 1.6713 1.6545 1.6377 1.621 1.6042 1.5874 1.5706 1.5538 1.5371 1.5203 1.5035 1.4867 1.4699 1.4532 1.4364 1.4196 1.4028 1.386 1.3692 1.3524 1.3356 1.3189 1.3021 1.2853 1.2685 1.2517 1.235 1.2182 1.2014 1.1846 1.1678 1.1511 1.1343 1.1175 1.1007 1.0839 1.0672 1.0504 1.0336 1.0168 1 0.98324 0.96646
2.4433 2.4265 2.4097 2.3929 2.3762 2.3594 2.3426 2.3258 2.309 2.2923 2.2755 2.2587 2.2419 2.2251 2.2083 2.1915 2.1747 2.158 2.1412 2.1244 2.1076 2.0908 2.0741 2.0573 2.0405 2.0237 2.0069 1.9902 1.9734 1.9566 1.9398 1.923 1.9063 1.8895 1.8727 1.8559 1.8391 1.8224 1.8056 1.7888 1.772 1.7552 1.7384 1.7216 1.7049 1.6881 1.6713 1.6545 1.6377 1.621 1.6042 1.5874 1.5706 1.5538 1.5371 1.5203 1.5035 1.4867 1.4699 1.4532 1.4364 1.4196 1.4028 1.386 1.3692 1.3524 1.3356 1.3189 1.3021 1.2853 1.2685 1.2517 1.235 1.2182 1.2014 1.1846 1.1678 1.1511 1.1343 1.1175 1.1007 1.0839 1.0672 1.0504 1.0336 1.0168 1 0.98324 0.96646
2.4433 2.4265 2.4097 2.3929 2.3762 2.3594 2.3426 2.3258 2.309 2.2923 2.2755 2.2587 2.2419 2.2251 2.2083 2.1915 2.1747 2.158 2.1412 2.1244 2.1076 2.0908 2.0741 2.0573 2.0405 2.0237 2.0069 1.9902 1.9734 1.9566 1.9398 1.923 1.9063 1.8895 1.8727 1.8559 1.8391 1.8224 1.8056 1.7888 1.772 1.7552 1.7384 1.7216 1.7049 1.6881 1.6713 1.6545 1.6377 1.621 1.6042 1.5874 1.5706 1.5538 1.5371 1.5203 1.5035 1.4867 1.4699 1.4532 1.4364 1.4196 1.4028 1.386 1.3692 1.3524 1.3356 1.3189 1.3021 1.2853 1.2685 1.2517 1.235 1.2182 1.2014 1.1846 1.1678 1.1511 1.1343 1.1175 1.1007 1.0839 1.0672 1.0504 1.0336 1.0168 1 0.98324 0.96646
2.4433 2.4265 2.4097 2.3929 2.3762 2.3594 2.3426 2.3258 2.309 2.2923 2.2755 2.2587 2.2419 2.2251 2.2083 2.1915 2.1747 2.158 2.1412 2.1244 2.1076 2.0908 2.0741 2.0573 2.0405 2.0237 2.0069 1.9902 1.9734 1.9566 1.9398 1.923 1.9063 1.8895 1.8727 1.8559 1.8391 1.8224 1.8056 1.7888 1.772 1.7552 1.7384 1.7216 1.7049 1.6881 1.6713 1.6545 1.6377 1.621 1.6042 1.5874 1.5706 1.5538 1.5371 1.5203 1.5035 1.4867 1.4699 1.4532 1.4364 1.4196 1.4028 1.386 1.3692 1.3524 1.3356 1.3189 1.3021 1.2853 1.2685 1.2517 1.235 1.2182 1.2014 1.1846 1.1678 1.1511 1.1343 1.1175 1.1007 1.0839 1.0672 1.0504 1.0336 1.0168 1 0.98324 0.96646
