Data/exp_topo.asc
ncols        301
nrows        221
xllcorner    0.000000000000
yllcorner    0.000000000000
cellsize     0.020000000000
NODATA_value  0.00000
[rows 124 to 154 of 221, columns 210 to 279 of 301]
0.030953 0.030092 0.029235 0.02838 0.027528 0.02668 0.025834 0.024991 0.024151 0.023315 0.022481 0.02165 0.020822 0.019998 0.019176 0.018357 0.017541 0.016729 0.015919 0.015112 0.014308 0.013508 0.01271 0.011915 0.011123 0.010335 0.0095489 0.0087662 0.0079864 0.0072097 0.0064359 0.0056652 0.0048974 0.0041326 0.0033709 0.0026121 0.0018564 0.0011036 0.00035383 0 0 0 0 0 0 0 0 0 0 0 0 0 0 0 0 0 0 0 0 0 0 0 0 0 0 0 0 0 0 0
0.030953 0.030092 0.029235 0.02838 0.027528 0.02668 0.025834 0.024991 0.024151 0.023315 0.022481 0.02165 0.020822 0.019998 0.019176 0.018357 0.017541 0.016729 0.015919 0.015112 0.014308 0.013508 0.01271 0.011915 0.011123 0.010335 0.0095489 0.0087662 0.0079864 0.0072097 0.0064359 0.0056652 0.0048974 0.0041326 0.0033709 0.0026121 0.0018564 0.0011036 0.00035383 0 0 0 0 0 0 0 0 0 0 0 0 0 0 0 0 0 0 0 0 0 0 0 0 0 0 0 0 0 0 0
0.030953 0.030092 0.029235 0.02838 0.027528 0.02668 0.025834 0.024991 0.024151 0.023315 0.022481 0.02165 0.020822 0.019998 0.019176 0.018357 0.017541 0.016729 0.015919 0.015112 0.014308 0.013508 0.01271 0.011915 0.011123 0.010335 0.0095489 0.0087662 0.0079864 0.0072097 0.0064359 0.0056652 0.0048974 0.0041326 0.0033709 0.0026121 0.0018564 0.0011036 0.00035383 0 0 0 0 0 0 0 0 0 0 0 0 0 0 0 0 0 0 0 0 0 0 0 0 0 0 0 0 0 0 0
0.030953 0.030092 0.029235 0.02838 0.027528 0.02668 0.025834 0.024991 0.024151 0.023315 0.022481 0.02165 0.020822 0.019998 0.019176 0.018357 0.017541 0.016729 0.015919 0.015112 0.014308 0.013508 0.01271 0.011915 0.011123 0.010335 0.0095489 0.0087662 0.0079864 0.0072097 0.0064359 0.0056652 0.0048974 0.0041326 0.0033709 0.0026121 0.0018564 0.0011036 0.00035383 0 0 0 0 0 0 0 0 0 0 0 0 0 0 0 0 0 0 0 0 0 0 0 0 0 0 0 0 0 0 0
0.030953 0.030092 0.029235 0.02838 0.027528 0.02668 0.025834 0.024991 0.024151 0.023315 0.022481 0.02165 0.020822 0.019998 0.019176 0.018357 0.017541 0.016729 0.015919 0.015112 0.014308 0.013508 0.01271 0.011915 0.011123 0.010335 0.0095489 0.0087662 0.0079864 0.0072097 0.0064359 0.0056652 0.0048974 0.0041326 0.0033709 0.0026121 0.0018564 0.0011036 0.00035383 0 0 0 0 0 0 0 0 0 0 0 0 0 0 0 0 0 0 0 0 0 0 0 0 0 0 0 0 0 0 0
0.030953 0.030092 0.029235 0.02838 0.027528 0.02668 0.025834 0.024991 0.024151 0.023315 0.022481 0.02165 0.020822 0.019998 0.019176 0.018357 0.017541 0.016729 0.015919 0.015112 0.014308 0.013508 0.01271 0.011915 0.011123 0.010335 0.0095489 0.0087662 0.0079864 0.0072097 0.0064359 0.0056652 0.0048974 0.0041326 0.0033709 0.0026121 0.0018564 0.0011036 0.00035383 0 0 0 0 0 0 0 0 0 0 0 0 0 0 0 0 0 0 0 0 0 0 0 0 0 0 0 0 0 0 0
0.030953 0.030092 0.029235 0.02838 0.027528 0.02668 0.025834 0.024991 0.024151 0.023315 0.022481 0.02165 0.020822 0.019998 0.019176 0.018357 0.017541 0.016729 0.015919 0.015112 0.014308 0.013508 0.01271 0.011915 0.011123 0.010335 0.0095489 0.0087662 0.0079864 0.0072097 0.0064359 0.0056652 0.0048974 0.0041326 0.0033709 0.0026121 0.0018564 0.0011036 0.00035383 0 0 0 0 0 0 0 0 0 0 0 0 0 0 0 0 0 0 0 0 0 0 0 0 0 0 0 0 0 0 0
0.030953 0.030092 0.029235 0.02838 0.027528 0.02668 0.025834 0.024991 0.024151 0.023315 0.022481 0.02165 0.020822 0.019998 0.019176 0.018357 0.017541 0.016729 0.015919 0.015112 0.014308 0.013508 0.01271 0.011915 0.011123 0.010335 0.0095489 0.0087662 0.0079864 0.0072097 0.0064359 0.0056652 0.0048974 0.0041326 0.0033709 0.0026121 0.0018564 0.0011036 0.00035383 0 0 0 0 0 0 0 0 0 0 0 0 0 0 0 0 0 0 0 0 0 0 0 0 0 0 0 0 0 0 0
0.030953 0.030092 0.029235 0.02838 0.027528 0.02668 0.025834 0.024991 0.024151 0.023315 0.022481 0.02165 0.020822 0.019998 0.019176 0.018357 0.017541 0.016729 0.015919 0.015112 0.014308 0.013508 0.01271 0.011915 0.011123 0.010335 0.0095489 0.0087662 0.0079864 0.0072097 0.0064359 0.0056652 0.0048974 0.0041326 0.0033709 0.0026121 0.0018564 0.0011036 0.00035383 0 0 0 0 0 0 0 0 0 0 0 0 0 0 0 0 0 0 0 0 0 0 0 0 0 0 0 0 0 0 0
0.030953 0.030092 0.029235 0.02838 0.027528 0.02668 0.025834 0.024991 0.024151 0.023315 0.022481 0.02165 0.020822 0.019998 0.019176 0.018357 0.017541 0.016729 0.015919 0.015112 0.014308 0.013508 0.01271 0.011915 0.011123 0.010335 0.0095489 0.0087662 0.0079864 0.0072097 0.0064359 0.0056652 0.0048974 0.0041326 0.0033709 0.0026121 0.0018564 0.0011036 0.00035383 0 0 0 0 0 0 0 0 0 0 0 0 0 0 0 0 0 0 0 0 0 0 0 0 0 0 0 0 0 0 0
0.030953 0.030092 0.029235 0.02838 0.027528 0.02668 0.025834 0.024991 0.024151 0.023315 0.022481 0.02165 0.020822 0.019998 0.019176 0.018357 0.017541 0.016729 0.015919 0.015112 0.014308 0.013508 0.01271 0.011915 0.011123 0.010335 0.0095489 0.0087662 0.0079864 0.0072097 0.0064359 0.0056652 0.0048974 0.0041326 0.0033709 0.0026121 0.0018564 0.0011036 0.00035383 0 0 0 0 0 0 0 0 0 0 0 0 0 0 0 0 0 0 0 0 0 0 0 0 0 0 0 0 0 0 0
0.030953 0.030092 0.029235 0.02838 0.027528 0.02668 0.025834 0.024991 0.024151 0.023315 0.022481 0.02165 0.020822 0.019998 0.019176 0.018357 0.017541 0.016729 0.015919 0.015112 0.014308 0.013508 0.01271 0.011915 0.011123 0.010335 0.0095489 0.0087662 0.0079864 0.0072097 0.0064359 0.0056652 0.0048974 0.0041326 0.0033709 0.0026121 0.0018564 0.0011036 0.00035383 0 0 0 0 0 0 0 0 0 0 0 0 0 0 0 0 0 0 0 0 0 0 0 0 0 0 0 0 0 0 0
0.030953 0.030092 0.029235 0.02838 0.027528 0.02668 0.025834 0.024991 0.024151 0.023315 0.022481 0.02165 0.020822 0.019998 0.019176 0.018357 0.017541 0.016729 0.015919 0.015112 0.014308 0.013508 0.01271 0.011915 0.011123 0.010335 0.0095489 0.0087662 0.0079864 0.0072097 0.0064359 0.0056652 0.0048974 0.0041326 0.0033709 0.0026121 0.0018564 0.0011036 0.00035383 0 0 0 0 0 0 0 0 0 0 0 0 0 0 0 0 0 0 0 0 0 0 0 0 0 0 0 0 0 0 0
0.030953 0.030092 0.029235 0.02838 0.027528 0.02668 0.025834 0.024991 0.024151 0.023315 0.022481 0.02165 0.020822 0.019998 0.019176 0.018357 0.017541 0.016729 0.015919 0.015112 0.014308 0.013508 0.01271 0.011915 0.011123 0.010335 0.0095489 0.0087662 0.0079864 0.0072097 0.0064359 0.0056652 0.0048974 0.0041326 0.0033709 0.0026121 0.0018564 0.0011036 0.00035383 0 0 0 0 0 0 0 0 0 0 0 0 0 0 0 0 0 0 0 0 0 0 0 0 0 0 0 0 0 0 0
0.030953 0.030092 0.029235 0.02838 0.027528 0.02668 0.025834 0.024991 0.024151 0.023315 0.022481 0.02165 0.020822 0.019998 0.019176 0.018357 0.017541 0.016729 0.015919 0.015112 0.014308 0.013508 0.01271 0.011915 0.011123 0.010335 0.0095489 0.0087662 0.0079864 0.0072097 0.0064359 0.0056652 0.0048974 0.0041326 0.0033709 0.0026121 0.0018564 0.0011036 0.00035383 0 0 0 0 0 0 0 0 0 0 0 0 0 0 0 0 0 0 0 0 0 0 0 0 0 0 0 0 0 0 0
0.030953 0.030092 0.029235 0.02838 0.027528 0.02668 0.025834 0.024991 0.024151 0.023315 0.022481 0.02165 0.020822 0.019998 0.019176 0.018357 0.017541 0.016729 0.015919 0.015112 0.014308 0.013508 0.01271 0.011915 0.011123 0.010335 0.0095489 0.0087662 0.0079864 0.0072097 0.0064359 0.0056652 0.0048974 0.0041326 0.0033709 0.0026121 0.0018564 0.0011036 0.00035383 0 0 0 0 0 0 0 0 0 0 0 0 0 0 0 0 0 0 0 0 0 0 0 0 0 0 0 0 0 0 0
0.030953 0.030092 0.029235 0.02838 0.027528 0.02668 0.025834 0.024991 0.024151 0.023315 0.022481 0.02165 0.020822 0.019998 0.019176 0.018357 0.017541 0.016729 0.015919 0.015112 0.014308 0.013508 0.01271 0.011915 0.011123 0.010335 0.0095489 0.0087662 0.0079864 0.0072097 0.0064359 0.0056652 0.0048974 0.0041326 0.0033709 0.0026121 0.0018564 0.0011036 0.00035383 0 0 0 0 0 0 0 0 0 0 0 0 0 0 0 0 0 0 0 0 0 0 0 0 0 0 0 0 0 0 0
0.030953 0.030092 0.029235 0.02838 0.027528 0.02668 0.025834 0.024991 0.024151 0.023315 0.022481 0.02165 0.020822 0.019998 0.019176 0.018357 0.017541 0.016729 0.015919 0.015112 0.014308 0.013508 0.01271 0.011915 0.011123 0.010335 0.0095489 0.0087662 0.0079864 0.0072097 0.0064359 0.0056652 0.0048974 0.0041326 0.0033709 0.0026121 0.0018564 0.0011036 0.00035383 0 0 0 0 0 0 0 0 0 0 0 0 0 0 0 0 0 0 0 0 0 0 0 0 0 0 0 0 0 0 0
0.030953 0.030092 0.029235 0.02838 0.027528 0.02668 0.025834 0.024991 0.024151 0.023315 0.022481 0.02165 0.020822 0.019998 0.019176 0.018357 0.017541 0.016729 0.015919 0.015112 0.014308 0.013508 0.01271 0.011915 0.011123 0.010335 0.0095489 0.0087662 0.0079864 0.0072097 0.0064359 0.0056652 0.0048974 0.0041326 0.0033709 0.0026121 0.0018564 0.0011036 0.00035383 0 0 0 0 0 0 0 0 0 0 0 0 0 0 0 0 0 0 0 0 0 0 0 0 0 0 0 0 0 0 0
0.030953 0.030092 0.029235 0.02838 0.027528 0.02668 0.025834 0.024991 0.024151 0.023315 0.022481 0.02165 0.020822 0.019998 0.019176 0.018357 0.017541 0.016729 0.015919 0.015112 0.014308 0.013508 0.01271 0.011915 0.011123 0.010335 0.0095489 0.0087662 0.0079864 0.0072097 0.0064359 0.0056652 0.0048974 0.0041326 0.0033709 0.0026121 0.0018564 0.0011036 0.00035383 0 0 0 0 0 0 0 0 0 0 0 0 0 0 0 0 0 0 0 0 0 0 0 0 0 0 0 0 0 0 0
0.030953 0.030092 0.029235 0.02838 0.027528 0.02668 0.025834 0.024991 0.024151 0.023315 0.022481 0.02165 0.020822 0.019998 0.019176 0.018357 0.017541 0.016729 0.015919 0.015112 0.014308 0.013508 0.01271 0.011915 0.011123 0.010335 0.0095489 0.0087662 0.0079864 0.0072097 0.0064359 0.0056652 0.0048974 0.0041326 0.0033709 0.0026121 0.0018564 0.0011036 0.00035383 0 0 0 0 0 0 0 0 0 0 0 0 0 0 0 0 0 0 0 0 0 0 0 0 0 0 0 0 0 0 0
0.030953 0.030092 0.029235 0.02838 0.027528 0.02668 0.025834 0.024991 0.024151 0.023315 0.022481 0.02165 0.020822 0.019998 0.019176 0.018357 0.017541 0.016729 0.015919 0.015112 0.014308 0.013508 0.01271 0.011915 0.011123 0.010335 0.0095489 0.0087662 0.0079864 0.0072097 0.0064359 0.0056652 0.0048974 0.0041326 0.0033709 0.0026121 0.0018564 0.0011036 0.00035383 0 0 0 0 0 0 0 0 0 0 0 0 0 0 0 0 0 0 0 0 0 0 0 0 0 0 0 0 0 0 0
0.030953 0.030092 0.029235 0.02838 0.027528 0.02668 0.025834 0.024991 0.024151 0.023315 0.022481 0.02165 0.020822 0.019998 0.019176 0.018357 0.017541 0.016729 0.015919 0.015112 0.014308 0.013508 0.01271 0.011915 0.011123 0.010335 0.0095489 0.0087662 0.0079864 0.0072097 0.0064359 0.0056652 0.0048974 0.0041326 0.0033709 0.0026121 0.0018564 0.0011036 0.00035383 0 0 0 0 0 0 0 0 0 0 0 0 0 0 0 0 0 0 0 0 0 0 0 0 0 0 0 0 0 0 0
0.030953 0.030092 0.029235 0.02838 0.027528 0.02668 0.025834 0.024991 0.024151 0.023315 0.022481 0.02165 0.020822 0.019998 0.019176 0.018357 0.017541 0.016729 0.015919 0.015112 0.014308 0.013508 0.01271 0.011915 0.011123 0.010335 0.0095489 0.0087662 0.0079864 0.0072097 0.0064359 0.0056652 0.0048974 0.0041326 0.0033709 0.0026121 0.0018564 0.0011036 0.00035383 0 0 0 0 0 0 0 0 0 0 0 0 0 0 0 0 0 0 0 0 0 0 0 0 0 0 0 0 0 0 0
0.030953 0.030092 0.029235 0.02838 0.027528 0.02668 0.025834 0.024991 0.024151 0.023315 0.022481 0.02165 0.020822 0.019998 0.019176 0.018357 0.017541 0.016729 0.015919 0.015112 0.014308 0.013508 0.01271 0.011915 0.011123 0.010335 0.0095489 0.0087662 0.0079864 0.0072097 0.0064359 0.0056652 0.0048974 0.0041326 0.0033709 0.0026121 0.0018564 0.0011036 0.00035383 0 0 0 0 0 0 0 0 0 0 0 0 0 0 0 0 0 0 0 0 0 0 0 0 0 0 0 0 0 0 0
0.030953 0.030092 0.029235 0.02838 0.027528 0.02668 0.025834 0.024991 0.024151 0.023315 0.022481 0.02165 0.020822 0.019998 0.019176 0.018357 0.017541 0.016729 0.015919 0.015112 0.014308 0.013508 0.01271 0.011915 0.011123 0.010335 0.0095489 0.0087662 0.0079864 0.0072097 0.0064359 0.0056652 0.0048974 0.0041326 0.0033709 0.0026121 0.0018564 0.0011036 0.00035383 0 0 0 0 0 0 0 0 0 0 0 0 0 0 0 0 0 0 0 0 0 0 0 0 0 0 0 0 0 0 0
0.030953 0.030092 0.029235 0.02838 0.027528 0.02668 0.025834 0.024991 0.024151 0.023315 0.022481 0.02165 0.020822 0.019998 0.019176 0.018357 0.017541 0.016729 0.015919 0.015112 0.014308 0.013508 0.01271 0.011915 0.011123 0.010335 0.0095489 0.0087662 0.0079864 0.0072097 0.0064359 0.0056652 0.0048974 0.0041326 0.0033709 0.0026121 0.0018564 0.0011036 0.00035383 0 0 0 0 0 0 0 0 0 0 0 0 0 0 0 0 0 0 0 0 0 0 0 0 0 0 0 0 0 0 0
0.030953 0.030092 0.029235 0.02838 0.027528 0.02668 0.025834 0.024991 0.024151 0.023315 0.022481 0.02165 0.020822 0.019998 0.019176 0.018357 0.017541 0.016729 0.015919 0.015112 0.014308 0.013508 0.01271 0.011915 0.011123 0.010335 0.0095489 0.0087662 0.0079864 0.0072097 0.0064359 0.0056652 0.0048974 0.0041326 0.0033709 0.0026121 0.0018564 0.0011036 0.00035383 0 0 0 0 0 0 0 0 0 0 0 0 0 0 0 0 0 0 0 0 0 0 0 0 0 0 0 0 0 0 0
0.030953 0.030092 0.029235 0.02838 0.027528 0.02668 0.025834 0.024991 0.024151 0.023315 0.022481 0.02165 0.020822 0.019998 0.019176 0.018357 0.017541 0.016729 0.015919 0.015112 0.014308 0.013508 0.01271 0.011915 0.011123 0.010335 0.0095489 0.0087662 0.0079864 0.0072097 0.0064359 0.0056652 0.0048974 0.0041326 0.0033709 0.0026121 0.0018564 0.0011036 0.00035383 0 0 0 0 0 0 0 0 0 0 0 0 0 0 0 0 0 0 0 0 0 0 0 0 0 0 0 0 0 0 0
0.030953 0.030092 0.029235 0.02838 0.027528 0.02668 0.025834 0.024991 0.024151 0.023315 0.022481 0.02165 0.020822 0.019998 0.019176 0.018357 0.017541 0.016729 0.015919 0.015112 0.014308 0.013508 0.01271 0.011915 0.011123 0.010335 0.0095489 0.0087662 0.0079864 0.0072097 0.0064359 0.0056652 0.0048974 0.0041326 0.0033709 0.0026121 0.0018564 0.0011036 0.00035383 0 0 0 0 0 0 0 0 0 0 0 0 0 0 0 0 0 0 0 0 0 0 0 0 0 0 0 0 0 0 0
0.030953 0.030092 0.029235 0.02838 0.027528 0.02668 0.025834 0.024991 0.024151 0.023315 0.022481 0.02165 0.020822 0.019998 0.019176 0.018357 0.017541 0.016729 0.015919 0.015112 0.014308 0.013508 0.01271 0.011915 0.011123 0.010335 0.0095489 0.0087662 0.0079864 0.0072097 0.0064359 0.0056652 0.0048974 0.0041326 0.0033709 0.0026121 0.0018564 0.0011036 0.00035383 0 0 0 0 0 0 0 0 0 0 0 0 0 0 0 0 0 0 0 0 0 0 0 0 0 0 0 0 0 0 0
