Data/exp_topo.asc
ncols        301
nrows        221
xllcorner    0.000000000000
yllcorner    0.000000000000
cellsize     0.020000000000
NODATA_value  0.00000
[rows 62 to 92 of 221, columns 0 to 69 of 301]
0.4792 0.47497 0.47076 0.46658 0.46242 0.45828 0.45416 0.45007 0.44599 0.44194 0.43792 0.43391 0.42993 0.42596 0.42202 0.41811 0.41421 0.41034 0.40649 0.40266 0.39885 0.39507 0.39131 0.38757 0.38385 0.38015 0.37648 0.37282 0.36919 0.36559 0.362 0.35843 0.35489 0.35137 0.34787 0.3444 0.34094 0.33751 0.3341 0.33071 0.32734 0.32399 0.32067 0.31737 0.31409 0.31083 0.30759 0.30438 0.30118 0.29801 0.29486 0.29173 0.28863 0.28554 0.28248 0.27944 0.27642 0.27342 0.27045 0.26749 0.26456 0.26165 0.25876 0.25589 0.25304 0.25022 0.24742 0.24463 0.24187 0.23913
0.4792 0.47497 0.47076 0.46658 0.46242 0.45828 0.45416 0.45007 0.44599 0.44194 0.43792 0.43391 0.42993 0.42596 0.42202 0.41811 0.41421 0.41034 0.40649 0.40266 0.39885 0.39507 0.39131 0.38757 0.38385 0.38015 0.37648 0.37282 0.36919 0.36559 0.362 0.35843 0.35489 0.35137 0.34787 0.3444 0.34094 0.33751 0.3341 0.33071 0.32734 0.32399 0.32067 0.31737 0.31409 0.31083 0.30759 0.30438 0.30118 0.29801 0.29486 0.29173 0.28863 0.28554 0.28248 0.27944 0.27642 0.27342 0.27045 0.26749 0.26456 0.26165 0.25876 0.25589 0.25304 0.25022 0.24742 0.24463 0.24187 0.23913
0.4792 0.47497 0.47076 0.46658 0.46242 0.45828 0.45416 0.45007 0.44599 0.44194 0.43792 0.43391 0.42993 0.42596 0.42202 0.41811 0.41421 0.41034 0.40649 0.40266 0.39885 0.39507 0.39131 0.38757 0.38385 0.38015 0.37648 0.37282 0.36919 0.36559 0.362 0.35843 0.35489 0.35137 0.34787 0.3444 0.34094 0.33751 0.3341 0.33071 0.32734 0.32399 0.32067 0.31737 0.31409 0.31083 0.30759 0.30438 0.30118 0.29801 0.29486 0.29173 0.28863 0.28554 0.28248 0.27944 0.27642 0.27342 0.27045 0.26749 0.26456 0.26165 0.25876 0.25589 0.25304 0.25022 0.24742 0.24463 0.24187 0.23913
0.4792 0.47497 0.47076 0.46658 0.46242 0.45828 0.45416 0.45007 0.44599 0.44194 0.43792 0.43391 0.42993 0.42596 0.42202 0.41811 0.41421 0.41034 0.40649 0.40266 0.39885 0.39507 0.39131 0.38757 0.38385 0.38015 0.37648 0.37282 0.36919 0.36559 0.362 0.35843 0.35489 0.35137 0.34787 0.3444 0.34094 0.33751 0.3341 0.33071 0.32734 0.32399 0.32067 0.31737 0.31409 0.31083 0.30759 0.30438 0.30118 0.29801 0.29486 0.29173 0.28863 0.28554 0.28248 0.27944 0.27642 0.27342 0.27045 0.26749 0.26456 0.26165 0.25876 0.25589 0.25304 0.25022 0.24742 0.24463 0.24187 0.23913
0.4792 0.47497 0.47076 0.46658 0.46242 0.45828 0.45416 0.45007 0.44599 0.44194 0.43792 0.43391 0.42993 0.42596 0.42202 0.41811 0.41421 0.41034 0.40649 0.40266 0.39885 0.39507 0.39131 0.38757 0.38385 0.38015 0.37648 0.37282 0.36919 0.36559 0.362 0.35843 0.35489 0.35137 0.34787 0.3444 0.34094 0.33751 0.3341 0.33071 0.32734 0.32399 0.32067 0.31737 0.31409 0.31083 0.30759 0.30438 0.30118 0.29801 0.29486 0.29173 0.28863 0.28554 0.28248 0.27944 0.27642 0.27342 0.27045 0.26749 0.26456 0.26165 0.25876 0.25589 0.25304 0.25022 0.24742 0.24463 0.24187 0.23913
0.4792 0.47497 0.47076 0.46658 0.46242 0.45828 0.45416 0.45007 0.44599 0.44194 0.43792 0.43391 0.42993 0.42596 0.42202 0.41811 0.41421 0.41034 0.40649 0.40266 0.39885 0.39507 0.39131 0.38757 0.38385 0.38015 0.37648 0.37282 0.36919 0.36559 0.362 0.35843 0.35489 0.35137 0.34787 0.3444 0.34094 0.33751 0.3341 0.33071 0.32734 0.32399 0.32067 0.31737 0.31409 0.31083 0.30759 0.30438 0.30118 0.29801 0.29486 0.29173 0.28863 0.28554 0.28248 0.27944 0.27642 0.27342 0.27045 0.26749 0.26456 0.26165 0.25876 0.25589 0.25304 0.25022 0.24742 0.24463 0.24187 0.23913
0.4792 0.47497 0.47076 0.46658 0.46242 0.45828 0.45416 0.45007 0.44599 0.44194 0.43792 0.43391 0.42993 0.42596 0.42202 0.41811 0.41421 0.41034 0.40649 0.40266 0.39885 0.39507 0.39131 0.38757 0.38385 0.38015 0.37648 0.37282 0.36919 0.36559 0.362 0.35843 0.35489 0.35137 0.34787 0.3444 0.34094 0.33751 0.3341 0.33071 0.32734 0.32399 0.32067 0.31737 0.31409 0.31083 0.30759 0.30438 0.30118 0.29801 0.29486 0.29173 0.28863 0.28554 0.28248 0.27944 0.27642 0.27342 0.27045 0.26749 0.26456 0.26165 0.25876 0.25589 0.25304 0.25022 0.24742 0.24463 0.24187 0.23913
0.4792 0.47497 0.47076 0.46658 0.46242 0.45828 0.45416 0.45007 0.44599 0.44194 0.43792 0.43391 0.42993 0.42596 0.42202 0.41811 0.41421 0.41034 0.40649 0.40266 0.39885 0.39507 0.39131 0.38757 0.38385 0.38015 0.37648 0.37282 0.36919 0.36559 0.362 0.35843 0.35489 0.35137 0.34787 0.3444 0.34094 0.33751 0.3341 0.33071 0.32734 0.32399 0.32067 0.31737 0.31409 0.31083 0.30759 0.30438 0.30118 0.29801 0.29486 0.29173 0.28863 0.28554 0.28248 0.27944 0.27642 0.27342 0.27045 0.26749 0.26456 0.26165 0.25876 0.25589 0.25304 0.25022 0.24742 0.24463 0.24187 0.23913
0.4792 0.47497 0.47076 0.46658 0.46242 0.45828 0.45416 0.45007 0.44599 0.44194 0.43792 0.43391 0.42993 0.42596 0.42202 0.41811 0.41421 0.41034 0.40649 0.40266 0.39885 0.39507 0.39131 0.38757 0.38385 0.38015 0.37648 0.37282 0.36919 0.36559 0.362 0.35843 0.35489 0.35137 0.34787 0.3444 0.34094 0.33751 0.3341 0.33071 0.32734 0.32399 0.32067 0.31737 0.31409 0.31083 0.30759 0.30438 0.30118 0.29801 0.29486 0.29173 0.28863 0.28554 0.28248 0.27944 0.27642 0.27342 0.27045 0.26749 0.26456 0.26165 0.25876 0.25589 0.25304 0.25022 0.24742 0.24463 0.24187 0.23913
0.4792 0.47497 0.47076 0.46658 0.46242 0.45828 0.45416 0.45007 0.44599 0.44194 0.43792 0.43391 0.42993 0.42596 0.42202 0.41811 0.41421 0.41034 0.40649 0.40266 0.39885 0.39507 0.39131 0.38757 0.38385 0.38015 0.37648 0.37282 0.36919 0.36559 0.362 0.35843 0.35489 0.35137 0.34787 0.3444 0.34094 0.33751 0.3341 0.33071 0.32734 0.32399 0.32067 0.31737 0.31409 0.31083 0.30759 0.30438 0.30118 0.29801 0.29486 0.29173 0.28863 0.28554 0.28248 0.27944 0.27642 0.27342 0.27045 0.26749 0.26456 0.26165 0.25876 0.25589 0.25304 0.25022 0.24742 0.24463 0.24187 0.23913
0.4792 0.47497 0.47076 0.46658 0.46242 0.45828 0.45416 0.45007 0.44599 0.44194 0.43792 0.43391 0.42993 0.42596 0.42202 0.41811 0.41421 0.41034 0.40649 0.40266 0.39885 0.39507 0.39131 0.38757 0.38385 0.38015 0.37648 0.37282 0.36919 0.36559 0.362 0.35843 0.35489 0.35137 0.34787 0.3444 0.34094 0.33751 0.3341 0.33071 0.32734 0.32399 0.32067 0.31737 0.31409 0.31083 0.30759 0.30438 0.30118 0.29801 0.29486 0.29173 0.28863 0.28554 0.28248 0.27944 0.27642 0.27342 0.27045 0.26749 0.26456 0.26165 0.25876 0.25589 0.25304 0.25022 0.24742 0.24463 0.24187 0.23913
0.4792 0.47497 0.47076 0.46658 0.46242 0.45828 0.45416 0.45007 0.44599 0.44194 0.43792 0.43391 0.42993 0.42596 0.42202 0.41811 0.41421 0.41034 0.40649 0.40266 0.39885 0.39507 0.39131 0.38757 0.38385 0.38015 0.37648 0.37282 0.36919 0.36559 0.362 0.35843 0.35489 0.35137 0.34787 0.3444 0.34094 0.33751 0.3341 0.33071 0.32734 0.32399 0.32067 0.31737 0.31409 0.31083 0.30759 0.30438 0.30118 0.29801 0.29486 0.29173 0.28863 0.28554 0.28248 0.27944 0.27642 0.27342 0.27045 0.26749 0.26456 0.26165 0.25876 0.25589 0.25304 0.25022 0.24742 0.24463 0.24187 0.23913
0.4792 0.47497 0.47076 0.46658 0.46242 0.45828 0.45416 0.45007 0.44599 0.44194 0.43792 0.43391 0.42993 0.42596 0.42202 0.41811 0.41421 0.41034 0.40649 0.40266 0.39885 0.39507 0.39131 0.38757 0.38385 0.38015 0.37648 0.37282 0.36919 0.36559 0.362 0.35843 0.35489 0.35137 0.34787 0.3444 0.34094 0.33751 0.3341 0.33071 0.32734 0.32399 0.32067 0.31737 0.31409 0.31083 0.30759 0.30438 0.30118 0.29801 0.29486 0.29173 0.28863 0.28554 0.28248 0.27944 0.27642 0.27342 0.27045 0.26749 0.26456 0.26165 0.25876 0.25589 0.25304 0.25022 0.24742 0.24463 0.24187 0.23913
0.4792 0.47497 0.47076 0.46658 0.46242 0.45828 0.45416 0.45007 0.44599 0.44194 0.43792 0.43391 0.42993 0.42596 0.42202 0.41811 0.41421 0.41034 0.40649 0.40266 0.39885 0.39507 0.39131 0.38757 0.38385 0.38015 0.37648 0.37282 0.36919 0.36559 0.362 0.35843 0.35489 0.35137 0.34787 0.3444 0.34094 0.33751 0.3341 0.33071 0.32734 0.32399 0.32067 0.31737 0.31409 0.31083 0.30759 0.30438 0.30118 0.29801 0.29486 0.29173 0.28863 0.28554 0.28248 0.27944 0.27642 0.27342 0.27045 0.26749 0.26456 0.26165 0.25876 0.25589 0.25304 0.25022 0.24742 0.24463 0.24187 0.23913
0.4792 0.47497 0.47076 0.46658 0.46242 0.45828 0.45416 0.45007 0.44599 0.44194 0.43792 0.43391 0.42993 0.42596 0.42202 0.41811 0.41421 0.41034 0.40649 0.40266 0.39885 0.39507 0.39131 0.38757 0.38385 0.38015 0.37648 0.37282 0.36919 0.36559 0.362 0.35843 0.35489 0.35137 0.34787 0.3444 0.34094 0.33751 0.3341 0.33071 0.32734 0.32399 0.32067 0.31737 0.31409 0.31083 0.30759 0.30438 0.30118 0.29801 0.29486 0.29173 0.28863 0.28554 0.28248 0.27944 0.27642 0.27342 0.27045 0.26749 0.26456 0.26165 0.25876 0.25589 0.25304 0.25022 0.24742 0.24463 0.24187 0.23913
0.4792 0.47497 0.47076 0.46658 0.46242 0.45828 0.45416 0.45007 0.44599 0.44194 0.43792 0.43391 0.42993 0.42596 0.42202 0.41811 0.41421 0.41034 0.40649 0.40266 0.39885 0.39507 0.39131 0.38757 0.38385 0.38015 0.37648 0.37282 0.36919 0.36559 0.362 0.35843 0.35489 0.35137 0.34787 0.3444 0.34094 0.33751 0.3341 0.33071 0.32734 0.32399 0.32067 0.31737 0.31409 0.31083 0.30759 0.30438 0.30118 0.29801 0.29486 0.29173 0.28863 0.28554 0.28248 0.27944 0.27642 0.27342 0.27045 0.26749 0.26456 0.26165 0.25876 0.25589 0.25304 0.25022 0.24742 0.24463 0.24187 0.23913
0.4792 0.47497 0.47076 0.46658 0.46242 0.45828 0.45416 0.45007 0.44599 0.44194 0.43792 0.43391 0.42993 0.42596 0.42202 0.41811 0.41421 0.41034 0.40649 0.40266 0.39885 0.39507 0.39131 0.38757 0.38385 0.38015 0.37648 0.37282 0.36919 0.36559 0.362 0.35843 0.35489 0.35137 0.34787 0.3444 0.34094 0.33751 0.3341 0.33071 0.32734 0.32399 0.32067 0.31737 0.31409 0.31083 0.30759 0.30438 0.30118 0.29801 0.29486 0.29173 0.28863 0.28554 0.28248 0.27944 0.27642 0.27342 0.27045 0.26749 0.26456 0.26165 0.25876 0.25589 0.25304 0.25022 0.24742 0.24463 0.24187 0.23913
0.4792 0.47497 0.47076 0.46658 0.46242 0.45828 0.45416 0.45007 0.44599 0.44194 0.43792 0.43391 0.42993 0.42596 0.42202 0.41811 0.41421 0.41034 0.40649 0.40266 0.39885 0.39507 0.39131 0.38757 0.38385 0.38015 0.37648 0.37282 0.36919 0.36559 0.362 0.35843 0.35489 0.35137 0.34787 0.3444 0.34094 0.33751 0.3341 0.33071 0.32734 0.32399 0.32067 0.31737 0.31409 0.31083 0.30759 0.30438 0.30118 0.29801 0.29486 0.29173 0.28863 0.28554 0.28248 0.27944 0.27642 0.27342 0.27045 0.26749 0.26456 0.26165 0.25876 0.25589 0.25304 0.25022 0.24742 0.24463 0.24187 0.23913
0.4792 0.47497 0.47076 0.46658 0.46242 0.45828 0.45416 0.45007 0.44599 0.44194 0.43792 0.43391 0.42993 0.42596 0.42202 0.41811 0.41421 0.41034 0.40649 0.40266 0.39885 0.39507 0.39131 0.38757 0.38385 0.38015 0.37648 0.37282 0.36919 0.36559 0.362 0.35843 0.35489 0.35137 0.34787 0.3444 0.34094 0.33751 0.3341 0.33071 0.32734 0.32399 0.32067 0.31737 0.31409 0.31083 0.30759 0.30438 0.30118 0.29801 0.29486 0.29173 0.28863 0.28554 0.28248 0.27944 0.27642 0.27342 0.27045 0.26749 0.26456 0.26165 0.25876 0.25589 0.25304 0.25022 0.24742 0.24463 0.24187 0.23913
0.4792 0.47497 0.47076 0.46658 0.46242 0.45828 0.45416 0.45007 0.44599 0.44194 0.43792 0.43391 0.42993 0.42596 0.42202 0.41811 0.41421 0.41034 0.40649 0.40266 0.39885 0.39507 0.39131 0.38757 0.38385 0.38015 0.37648 0.37282 0.36919 0.36559 0.362 0.35843 0.35489 0.35137 0.34787 0.3444 0.34094 0.33751 0.3341 0.33071 0.32734 0.32399 0.32067 0.31737 0.31409 0.31083 0.30759 0.30438 0.30118 0.29801 0.29486 0.29173 0.28863 0.28554 0.28248 0.27944 0.27642 0.27342 0.27045 0.26749 0.26456 0.26165 0.25876 0.25589 0.25304 0.25022 0.24742 0.24463 0.24187 0.23913
0.4792 0.47497 0.47076 0.46658 0.46242 0.45828 0.45416 0.45007 0.44599 0.44194 0.43792 0.43391 0.42993 0.42596 0.42202 0.41811 0.41421 0.41034 0.40649 0.40266 0.39885 0.39507 0.39131 0.38757 0.38385 0.38015 0.37648 0.37282 0.36919 0.36559 0.362 0.35843 0.35489 0.35137 0.34787 0.3444 0.34094 0.33751 0.3341 0.33071 0.32734 0.32399 0.32067 0.31737 0.31409 0.31083 0.30759 0.30438 0.30118 0.29801 0.29486 0.29173 0.28863 0.28554 0.28248 0.27944 0.27642 0.27342 0.27045 0.26749 0.26456 0.26165 0.25876 0.25589 0.25304 0.25022 0.24742 0.24463 0.24187 0.23913
0.4792 0.47497 0.47076 0.46658 0.46242 0.45828 0.45416 0.45007 0.44599 0.44194 0.43792 0.43391 0.42993 0.42596 0.42202 0.41811 0.41421 0.41034 0.40649 0.40266 0.39885 0.39507 0.39131 0.38757 0.38385 0.38015 0.37648 0.37282 0.36919 0.36559 0.362 0.35843 0.35489 0.35137 0.34787 0.3444 0.34094 0.33751 0.3341 0.33071 0.32734 0.32399 0.32067 0.31737 0.31409 0.31083 0.30759 0.30438 0.30118 0.29801 0.29486 0.29173 0.28863 0.28554 0.28248 0.27944 0.27642 0.27342 0.27045 0.26749 0.26456 0.26165 0.25876 0.25589 0.25304 0.25022 0.24742 0.24463 0.24187 0.23913
0.4792 0.47497 0.47076 0.46658 0.46242 0.45828 0.45416 0.45007 0.44599 0.44194 0.43792 0.43391 0.42993 0.42596 0.42202 0.41811 0.41421 0.41034 0.40649 0.40266 0.39885 0.39507 0.39131 0.38757 0.38385 0.38015 0.37648 0.37282 0.36919 0.36559 0.362 0.35843 0.35489 0.35137 0.34787 0.3444 0.34094 0.33751 0.3341 0.33071 0.32734 0.32399 0.32067 0.31737 0.31409 0.31083 0.30759 0.30438 0.30118 0.29801 0.29486 0.29173 0.28863 0.28554 0.28248 0.27944 0.27642 0.27342 0.27045 0.26749 0.26456 0.26165 0.25876 0.25589 0.25304 0.25022 0.24742 0.24463 0.24187 0.23913
0.4792 0.47497 0.47076 0.46658 0.46242 0.45828 0.45416 0.45007 0.44599 0.44194 0.43792 0.43391 0.42993 0.42596 0.42202 0.41811 0.41421 0.41034 0.40649 0.40266 0.39885 0.39507 0.39131 0.38757 0.38385 0.38015 0.37648 0.37282 0.36919 0.36559 0.362 0.35843 0.35489 0.35137 0.34787 0.3444 0.34094 0.33751 0.3341 0.33071 0.32734 0.32399 0.32067 0.31737 0.31409 0.31083 0.30759 0.30438 0.30118 0.29801 0.29486 0.29173 0.28863 0.28554 0.28248 0.27944 0.27642 0.27342 0.27045 0.26749 0.26456 0.26165 0.25876 0.25589 0.25304 0.25022 0.24742 0.24463 0.24187 0.23913
0.4792 0.47497 0.47076 0.46658 0.46242 0.45828 0.45416 0.45007 0.44599 0.44194 0.43792 0.43391 0.42993 0.42596 0.42202 0.41811 0.41421 0.41034 0.40649 0.40266 0.39885 0.39507 0.39131 0.38757 0.38385 0.38015 0.37648 0.37282 0.36919 0.36559 0.362 0.35843 0.35489 0.35137 0.34787 0.3444 0.34094 0.33751 0.3341 0.33071 0.32734 0.32399 0.32067 0.31737 0.31409 0.31083 0.30759 0.30438 0.30118 0.29801 0.29486 0.29173 0.28863 0.28554 0.28248 0.27944 0.27642 0.27342 0.27045 0.26749 0.26456 0.26165 0.25876 0.25589 0.25304 0.25022 0.24742 0.24463 0.24187 0.23913
0.4792 0.47497 0.47076 0.46658 0.46242 0.45828 0.45416 0.45007 0.44599 0.44194 0.43792 0.43391 0.42993 0.42596 0.42202 0.41811 0.41421 0.41034 0.40649 0.40266 0.39885 0.39507 0.39131 0.38757 0.38385 0.38015 0.37648 0.37282 0.36919 0.36559 0.362 0.35843 0.35489 0.35137 0.34787 0.3444 0.34094 0.33751 0.3341 0.33071 0.32734 0.32399 0.32067 0.31737 0.31409 0.31083 0.30759 0.30438 0.30118 0.29801 0.29486 0.29173 0.28863 0.28554 0.28248 0.27944 0.27642 0.27342 0.27045 0.26749 0.26456 0.26165 0.25876 0.25589 0.25304 0.25022 0.24742 0.24463 0.24187 0.23913
0.4792 0.47497 0.47076 0.46658 0.46242 0.45828 0.45416 0.45007 0.44599 0.44194 0.43792 0.43391 0.42993 0.42596 0.42202 0.41811 0.41421 0.41034 0.40649 0.40266 0.39885 0.39507 0.39131 0.38757 0.38385 0.38015 0.37648 0.37282 0.36919 0.36559 0.362 0.35843 0.35489 0.35137 0.34787 0.3444 0.34094 0.33751 0.3341 0.33071 0.32734 0.32399 0.32067 0.31737 0.31409 0.31083 0.30759 0.30438 0.30118 0.29801 0.29486 0.29173 0.28863 0.28554 0.28248 0.27944 0.27642 0.27342 0.27045 0.26749 0.26456 0.26165 0.25876 0.25589 0.25304 0.25022 0.24742 0.24463 0.24187 0.23913
0.4792 0.47497 0.47076 0.46658 0.46242 0.45828 0.45416 0.45007 0.44599 0.44194 0.43792 0.43391 0.42993 0.42596 0.42202 0.41811 0.41421 0.41034 0.40649 0.40266 0.39885 0.39507 0.39131 0.38757 0.38385 0.38015 0.37648 0.37282 0.36919 0.36559 0.362 0.35843 0.35489 0.35137 0.34787 0.3444 0.34094 0.33751 0.3341 0.33071 0.32734 0.32399 0.32067 0.31737 0.31409 0.31083 0.30759 0.30438 0.30118 0.29801 0.29486 0.29173 0.28863 0.28554 0.28248 0.27944 0.27642 0.27342 0.27045 0.26749 0.26456 0.26165 0.25876 0.25589 0.25304 0.25022 0.24742 0.24463 0.24187 0.23913
0.4792 0.47497 0.47076 0.46658 0.46242 0.45828 0.45416 0.45007 0.44599 0.44194 0.43792 0.43391 0.42993 0.42596 0.42202 0.41811 0.41421 0.41034 0.40649 0.40266 0.39885 0.39507 0.39131 0.38757 0.38385 0.38015 0.37648 0.37282 0.36919 0.36559 0.362 0.35843 0.35489 0.35137 0.34787 0.3444 0.34094 0.33751 0.3341 0.33071 0.32734 0.32399 0.32067 0.31737 0.31409 0.31083 0.30759 0.30438 0.30118 0.29801 0.29486 0.29173 0.28863 0.28554 0.28248 0.27944 0.27642 0.27342 0.27045 0.26749 0.26456 0.26165 0.25876 0.25589 0.25304 0.25022 0.24742 0.24463 0.24187 0.23913
0.4792 0.47497 0.47076 0.46658 0.46242 0.45828 0.45416 0.45007 0.44599 0.44194 0.43792 0.43391 0.42993 0.42596 0.42202 0.41811 0.41421 0.41034 0.40649 0.40266 0.39885 0.39507 0.39131 0.38757 0.38385 0.38015 0.37648 0.37282 0.36919 0.36559 0.362 0.35843 0.35489 0.35137 0.34787 0.3444 0.34094 0.33751 0.3341 0.33071 0.32734 0.32399 0.32067 0.31737 0.31409 0.31083 0.30759 0.30438 0.30118 0.29801 0.29486 0.29173 0.28863 0.28554 0.28248 0.27944 0.27642 0.27342 0.27045 0.26749 0.26456 0.26165 0.25876 0.25589 0.25304 0.25022 0.24742 0.24463 0.24187 0.23913
0.4792 0.47497 0.47076 0.46658 0.46242 0.45828 0.45416 0.45007 0.44599 0.44194 0.43792 0.43391 0.42993 0.42596 0.42202 0.41811 0.41421 0.41034 0.40649 0.40266 0.39885 0.39507 0.39131 0.38757 0.38385 0.38015 0.37648 0.37282 0.36919 0.36559 0.362 0.35843 0.35489 0.35137 0.34787 0.3444 0.34094 0.33751 0.3341 0.33071 0.32734 0.32399 0.32067 0.31737 0.31409 0.31083 0.30759 0.30438 0.30118 0.29801 0.29486 0.29173 0.28863 0.28554 0.28248 0.27944 0.27642 0.27342 0.27045 0.26749 0.26456 0.26165 0.25876 0.25589 0.25304 0.25022 0.24742 0.24463 0.24187 0.23913
