Data/exp_topo.asc
ncols        301
nrows        221
xllcorner    0.000000000000
yllcorner    0.000000000000
cellsize     0.020000000000
NODATA_value  0.00000
[rows 62 to 92 of 221, columns 70 to 139 of 301]
0.23642 0.23372 0.23105 0.2284 0.22576 0.22316 0.22057 0.218 0.21546 0.21293 0.21043 0.20795 0.20549 0.20305 0.20063 0.19824 0.19587 0.19351 0.19118 0.18887 0.18658 0.18432 0.18207 0.17985 0.17764 0.17546 0.1733 0.17116 0.16905 0.16695 0.16487 0.16282 0.16079 0.15878 0.15679 0.15482 0.15287 0.15094 0.14904 0.14716 0.14529 0.14345 0.14163 0.13983 0.13805 0.1363 0.13456 0.13285 0.13115 0.12948 0.12783 0.1262 0.12459 0.12301 0.12144 0.1199 0.11837 0.11687 0.11539 0.11393 0.11249 0.11107 0.10967 0.1083 0.10694 0.10561 0.10429 0.103 0.10173 0.10048
0.23642 0.23372 0.23105 0.2284 0.22576 0.22316 0.22057 0.218 0.21546 0.21293 0.21043 0.20795 0.20549 0.20305 0.20063 0.19824 0.19587 0.19351 0.19118 0.18887 0.18658 0.18432 0.18207 0.17985 0.17764 0.17546 0.1733 0.17116 0.16905 0.16695 0.16487 0.16282 0.16079 0.15878 0.15679 0.15482 0.15287 0.15094 0.14904 0.14716 0.14529 0.14345 0.14163 0.13983 0.13805 0.1363 0.13456 0.13285 0.13115 0.12948 0.12783 0.1262 0.12459 0.12301 0.12144 0.1199 0.11837 0.11687 0.11539 0.11393 0.11249 0.11107 0.10967 0.1083 0.10694 0.10561 0.10429 0.103 0.10173 0.10048
0.23642 0.23372 0.23105 0.2284 0.22576 0.22316 0.22057 0.218 0.21546 0.21293 0.21043 0.20795 0.20549 0.20305 0.20063 0.19824 0.19587 0.19351 0.19118 0.18887 0.18658 0.18432 0.18207 0.17985 0.17764 0.17546 0.1733 0.17116 0.16905 0.16695 0.16487 0.16282 0.16079 0.15878 0.15679 0.15482 0.15287 0.15094 0.14904 0.14716 0.14529 0.14345 0.14163 0.13983 0.13805 0.1363 0.13456 0.13285 0.13115 0.12948 0.12783 0.1262 0.12459 0.12301 0.12144 0.1199 0.11837 0.11687 0.11539 0.11393 0.11249 0.11107 0.10967 0.1083 0.10694 0.10561 0.10429 0.103 0.10173 0.10048
0.23642 0.23372 0.23105 0.2284 0.22576 0.22316 0.22057 0.218 0.21546 0.21293 0.21043 0.20795 0.20549 0.20305 0.20063 0.19824 0.19587 0.19351 0.19118 0.18887 0.18658 0.18432 0.18207 0.17985 0.17764 0.17546 0.1733 0.17116 0.16905 0.16695 0.16487 0.16282 0.16079 0.15878 0.15679 0.15482 0.15287 0.15094 0.14904 0.14716 0.14529 0.14345 0.14163 0.13983 0.13805 0.1363 0.13456 0.13285 0.13115 0.12948 0.12783 0.1262 0.12459 0.12301 0.12144 0.1199 0.11837 0.11687 0.11539 0.11393 0.11249 0.11107 0.10967 0.1083 0.10694 0.10561 0.10429 0.103 0.10173 0.10048
0.23642 0.23372 0.23105 0.2284 0.22576 0.22316 0.22057 0.218 0.21546 0.21293 0.21043 0.20795 0.20549 0.20305 0.20063 0.19824 0.19587 0.19351 0.19118 0.18887 0.18658 0.18432 0.18207 0.17985 0.17764 0.17546 0.1733 0.17116 0.16905 0.16695 0.16487 0.16282 0.16079 0.15878 0.15679 0.15482 0.15287 0.15094 0.14904 0.14716 0.14529 0.14345 0.14163 0.13983 0.13805 0.1363 0.13456 0.13285 0.13115 0.12948 0.12783 0.1262 0.12459 0.12301 0.12144 0.1199 0.11837 0.11687 0.11539 0.11393 0.11249 0.11107 0.10967 0.1083 0.10694 0.10561 0.10429 0.103 0.10173 0.10048
0.23642 0.23372 0.23105 0.2284 0.22576 0.22316 0.22057 0.218 0.21546 0.21293 0.21043 0.20795 0.20549 0.20305 0.20063 0.19824 0.19587 0.19351 0.19118 0.18887 0.18658 0.18432 0.18207 0.17985 0.17764 0.17546 0.1733 0.17116 0.16905 0.16695 0.16487 0.16282 0.16079 0.15878 0.15679 0.15482 0.15287 0.15094 0.14904 0.14716 0.14529 0.14345 0.14163 0.13983 0.13805 0.1363 0.13456 0.13285 0.13115 0.12948 0.12783 0.1262 0.12459 0.12301 0.12144 0.1199 0.11837 0.11687 0.11539 0.11393 0.11249 0.11107 0.10967 0.1083 0.10694 0.10561 0.10429 0.103 0.10173 0.10048
0.23642 0.23372 0.23105 0.2284 0.22576 0.22316 0.22057 0.218 0.21546 0.21293 0.21043 0.20795 0.20549 0.20305 0.20063 0.19824 0.19587 0.19351 0.19118 0.18887 0.18658 0.18432 0.18207 0.17985 0.17764 0.17546 0.1733 0.17116 0.16905 0.16695 0.16487 0.16282 0.16079 0.15878 0.15679 0.15482 0.15287 0.15094 0.14904 0.14716 0.14529 0.14345 0.14163 0.13983 0.13805 0.1363 0.13456 0.13285 0.13115 0.12948 0.12783 0.1262 0.12459 0.12301 0.12144 0.1199 0.11837 0.11687 0.11539 0.11393 0.11249 0.11107 0.10967 0.1083 0.10694 0.10561 0.10429 0.103 0.10173 0.10048
0.23642 0.23372 0.23105 0.2284 0.22576 0.22316 0.22057 0.218 0.21546 0.21293 0.21043 0.20795 0.20549 0.20305 0.20063 0.19824 0.19587 0.19351 0.19118 0.18887 0.18658 0.18432 0.18207 0.17985 0.17764 0.17546 0.1733 0.17116 0.16905 0.16695 0.16487 0.16282 0.16079 0.15878 0.15679 0.15482 0.15287 0.15094 0.14904 0.14716 0.14529 0.14345 0.14163 0.13983 0.13805 0.1363 0.13456 0.13285 0.13115 0.12948 0.12783 0.1262 0.12459 0.12301 0.12144 0.1199 0.11837 0.11687 0.11539 0.11393 0.11249 0.11107 0.10967 0.1083 0.10694 0.10561 0.10429 0.103 0.10173 0.10048
0.23642 0.23372 0.23105 0.2284 0.22576 0.22316 0.22057 0.218 0.21546 0.21293 0.21043 0.20795 0.20549 0.20305 0.20063 0.19824 0.19587 0.19351 0.19118 0.18887 0.18658 0.18432 0.18207 0.17985 0.17764 0.17546 0.1733 0.17116 0.16905 0.16695 0.16487 0.16282 0.16079 0.15878 0.15679 0.15482 0.15287 0.15094 0.14904 0.14716 0.14529 0.14345 0.14163 0.13983 0.13805 0.1363 0.13456 0.13285 0.13115 0.12948 0.12783 0.1262 0.12459 0.12301 0.12144 0.1199 0.11837 0.11687 0.11539 0.11393 0.11249 0.11107 0.10967 0.1083 0.10694 0.10561 0.10429 0.103 0.10173 0.10048
0.23642 0.23372 0.23105 0.2284 0.22576 0.22316 0.22057 0.218 0.21546 0.21293 0.21043 0.20795 0.20549 0.20305 0.20063 0.19824 0.19587 0.19351 0.19118 0.18887 0.18658 0.18432 0.18207 0.17985 0.17764 0.17546 0.1733 0.17116 0.16905 0.16695 0.16487 0.16282 0.16079 0.15878 0.15679 0.15482 0.15287 0.15094 0.14904 0.14716 0.14529 0.14345 0.14163 0.13983 0.13805 0.1363 0.13456 0.13285 0.13115 0.12948 0.12783 0.1262 0.12459 0.12301 0.12144 0.1199 0.11837 0.11687 0.11539 0.11393 0.11249 0.11107 0.10967 0.1083 0.10694 0.10561 0.10429 0.103 0.10173 0.10048
0.23642 0.23372 0.23105 0.2284 0.22576 0.22316 0.22057 0.218 0.21546 0.21293 0.21043 0.20795 0.20549 0.20305 0.20063 0.19824 0.19587 0.19351 0.19118 0.18887 0.18658 0.18432 0.18207 0.17985 0.17764 0.17546 0.1733 0.17116 0.16905 0.16695 0.16487 0.16282 0.16079 0.15878 0.15679 0.15482 0.15287 0.15094 0.14904 0.14716 0.14529 0.14345 0.14163 0.13983 0.13805 0.1363 0.13456 0.13285 0.13115 0.12948 0.12783 0.1262 0.12459 0.12301 0.12144 0.1199 0.11837 0.11687 0.11539 0.11393 0.11249 0.11107 0.10967 0.1083 0.10694 0.10561 0.10429 0.103 0.10173 0.10048
0.23642 0.23372 0.23105 0.2284 0.22576 0.22316 0.22057 0.218 0.21546 0.21293 0.21043 0.20795 0.20549 0.20305 0.20063 0.19824 0.19587 0.19351 0.19118 0.18887 0.18658 0.18432 0.18207 0.17985 0.17764 0.17546 0.1733 0.17116 0.16905 0.16695 0.16487 0.16282 0.16079 0.15878 0.15679 0.15482 0.15287 0.15094 0.14904 0.14716 0.14529 0.14345 0.14163 0.13983 0.13805 0.1363 0.13456 0.13285 0.13115 0.12948 0.12783 0.1262 0.12459 0.12301 0.12144 0.1199 0.11837 0.11687 0.11539 0.11393 0.11249 0.11107 0.10967 0.1083 0.10694 0.10561 0.10429 0.103 0.10173 0.10048
0.23642 0.23372 0.23105 0.2284 0.22576 0.22316 0.22057 0.218 0.21546 0.21293 0.21043 0.20795 0.20549 0.20305 0.20063 0.19824 0.19587 0.19351 0.19118 0.18887 0.18658 0.18432 0.18207 0.17985 0.17764 0.17546 0.1733 0.17116 0.16905 0.16695 0.16487 0.16282 0.16079 0.15878 0.15679 0.15482 0.15287 0.15094 0.14904 0.14716 0.14529 0.14345 0.14163 0.13983 0.13805 0.1363 0.13456 0.13285 0.13115 0.12948 0.12783 0.1262 0.12459 0.12301 0.12144 0.1199 0.11837 0.11687 0.11539 0.11393 0.11249 0.11107 0.10967 0.1083 0.10694 0.10561 0.10429 0.103 0.10173 0.10048
0.23642 0.23372 0.23105 0.2284 0.22576 0.22316 0.22057 0.218 0.21546 0.21293 0.21043 0.20795 0.20549 0.20305 0.20063 0.19824 0.19587 0.19351 0.19118 0.18887 0.18658 0.18432 0.18207 0.17985 0.17764 0.17546 0.1733 0.17116 0.16905 0.16695 0.16487 0.16282 0.16079 0.15878 0.15679 0.15482 0.15287 0.15094 0.14904 0.14716 0.14529 0.14345 0.14163 0.13983 0.13805 0.1363 0.13456 0.13285 0.13115 0.12948 0.12783 0.1262 0.12459 0.12301 0.12144 0.1199 0.11837 0.11687 0.11539 0.11393 0.11249 0.11107 0.10967 0.1083 0.10694 0.10561 0.10429 0.103 0.10173 0.10048
0.23642 0.23372 0.23105 0.2284 0.22576 0.22316 0.22057 0.218 0.21546 0.21293 0.21043 0.20795 0.20549 0.20305 0.20063 0.19824 0.19587 0.19351 0.19118 0.18887 0.18658 0.18432 0.18207 0.17985 0.17764 0.17546 0.1733 0.17116 0.16905 0.16695 0.16487 0.16282 0.16079 0.15878 0.15679 0.15482 0.15287 0.15094 0.14904 0.14716 0.14529 0.14345 0.14163 0.13983 0.13805 0.1363 0.13456 0.13285 0.13115 0.12948 0.12783 0.1262 0.12459 0.12301 0.12144 0.1199 0.11837 0.11687 0.11539 0.11393 0.11249 0.11107 0.10967 0.1083 0.10694 0.10561 0.10429 0.103 0.10173 0.10048
0.23642 0.23372 0.23105 0.2284 0.22576 0.22316 0.22057 0.218 0.21546 0.21293 0.21043 0.20795 0.20549 0.20305 0.20063 0.19824 0.19587 0.19351 0.19118 0.18887 0.18658 0.18432 0.18207 0.17985 0.17764 0.17546 0.1733 0.17116 0.16905 0.16695 0.16487 0.16282 0.16079 0.15878 0.15679 0.15482 0.15287 0.15094 0.14904 0.14716 0.14529 0.14345 0.14163 0.13983 0.13805 0.1363 0.13456 0.13285 0.13115 0.12948 0.12783 0.1262 0.12459 0.12301 0.12144 0.1199 0.11837 0.11687 0.11539 0.11393 0.11249 0.11107 0.10967 0.1083 0.10694 0.10561 0.10429 0.103 0.10173 0.10048
0.23642 0.23372 0.23105 0.2284 0.22576 0.22316 0.22057 0.218 0.21546 0.21293 0.21043 0.20795 0.20549 0.20305 0.20063 0.19824 0.19587 0.19351 0.19118 0.18887 0.18658 0.18432 0.18207 0.17985 0.17764 0.17546 0.1733 0.17116 0.16905 0.16695 0.16487 0.16282 0.16079 0.15878 0.15679 0.15482 0.15287 0.15094 0.14904 0.14716 0.14529 0.14345 0.14163 0.13983 0.13805 0.1363 0.13456 0.13285 0.13115 0.12948 0.12783 0.1262 0.12459 0.12301 0.12144 0.1199 0.11837 0.11687 0.11539 0.11393 0.11249 0.11107 0.10967 0.1083 0.10694 0.10561 0.10429 0.103 0.10173 0.10048
0.23642 0.23372 0.23105 0.2284 0.22576 0.22316 0.22057 0.218 0.21546 0.21293 0.21043 0.20795 0.20549 0.20305 0.20063 0.19824 0.19587 0.19351 0.19118 0.18887 0.18658 0.18432 0.18207 0.17985 0.17764 0.17546 0.1733 0.17116 0.16905 0.16695 0.16487 0.16282 0.16079 0.15878 0.15679 0.15482 0.15287 0.15094 0.14904 0.14716 0.14529 0.14345 0.14163 0.13983 0.13805 0.1363 0.13456 0.13285 0.13115 0.12948 0.12783 0.1262 0.12459 0.12301 0.12144 0.1199 0.11837 0.11687 0.11539 0.11393 0.11249 0.11107 0.10967 0.1083 0.10694 0.10561 0.10429 0.103 0.10173 0.10048
0.23642 0.23372 0.23105 0.2284 0.22576 0.22316 0.22057 0.218 0.21546 0.21293 0.21043 0.20795 0.20549 0.20305 0.20063 0.19824 0.19587 0.19351 0.19118 0.18887 0.18658 0.18432 0.18207 0.17985 0.17764 0.17546 0.1733 0.17116 0.16905 0.16695 0.16487 0.16282 0.16079 0.15878 0.15679 0.15482 0.15287 0.15094 0.14904 0.14716 0.14529 0.14345 0.14163 0.13983 0.13805 0.1363 0.13456 0.13285 0.13115 0.12948 0.12783 0.1262 0.12459 0.12301 0.12144 0.1199 0.11837 0.11687 0.11539 0.11393 0.11249 0.11107 0.10967 0.1083 0.10694 0.10561 0.10429 0.103 0.10173 0.10048
0.23642 0.23372 0.23105 0.2284 0.22576 0.22316 0.22057 0.218 0.21546 0.21293 0.21043 0.20795 0.20549 0.20305 0.20063 0.19824 0.19587 0.19351 0.19118 0.18887 0.18658 0.18432 0.18207 0.17985 0.17764 0.17546 0.1733 0.17116 0.16905 0.16695 0.16487 0.16282 0.16079 0.15878 0.15679 0.15482 0.15287 0.15094 0.14904 0.14716 0.14529 0.14345 0.14163 0.13983 0.13805 0.1363 0.13456 0.13285 0.13115 0.12948 0.12783 0.1262 0.12459 0.12301 0.12144 0.1199 0.11837 0.11687 0.11539 0.11393 0.11249 0.11107 0.10967 0.1083 0.10694 0.10561 0.10429 0.103 0.10173 0.10048
0.23642 0.23372 0.23105 0.2284 0.22576 0.22316 0.22057 0.218 0.21546 0.21293 0.21043 0.20795 0.20549 0.20305 0.20063 0.19824 0.19587 0.19351 0.19118 0.18887 0.18658 0.18432 0.18207 0.17985 0.17764 0.17546 0.1733 0.17116 0.16905 0.16695 0.16487 0.16282 0.16079 0.15878 0.15679 0.15482 0.15287 0.15094 0.14904 0.14716 0.14529 0.14345 0.14163 0.13983 0.13805 0.1363 0.13456 0.13285 0.13115 0.12948 0.12783 0.1262 0.12459 0.12301 0.12144 0.1199 0.11837 0.11687 0.11539 0.11393 0.11249 0.11107 0.10967 0.1083 0.10694 0.10561 0.10429 0.103 0.10173 0.10048
0.23642 0.23372 0.23105 0.2284 0.22576 0.22316 0.22057 0.218 0.21546 0.21293 0.21043 0.20795 0.20549 0.20305 0.20063 0.19824 0.19587 0.19351 0.19118 0.18887 0.18658 0.18432 0.18207 0.17985 0.17764 0.17546 0.1733 0.17116 0.16905 0.16695 0.16487 0.16282 0.16079 0.15878 0.15679 0.15482 0.15287 0.15094 0.14904 0.14716 0.14529 0.14345 0.14163 0.13983 0.13805 0.1363 0.13456 0.13285 0.13115 0.12948 0.12783 0.1262 0.12459 0.12301 0.12144 0.1199 0.11837 0.11687 0.11539 0.11393 0.11249 0.11107 0.10967 0.1083 0.10694 0.10561 0.10429 0.103 0.10173 0.10048
0.23642 0.23372 0.23105 0.2284 0.22576 0.22316 0.22057 0.218 0.21546 0.21293 0.21043 0.20795 0.20549 0.20305 0.20063 0.19824 0.19587 0.19351 0.19118 0.18887 0.18658 0.18432 0.18207 0.17985 0.17764 0.17546 0.1733 0.17116 0.16905 0.16695 0.16487 0.16282 0.16079 0.15878 0.15679 0.15482 0.15287 0.15094 0.14904 0.14716 0.14529 0.14345 0.14163 0.13983 0.13805 0.1363 0.13456 0.13285 0.13115 0.12948 0.12783 0.1262 0.12459 0.12301 0.12144 0.1199 0.11837 0.11687 0.11539 0.11393 0.11249 0.11107 0.10967 0.1083 0.10694 0.10561 0.10429 0.103 0.10173 0.10048
0.23642 0.23372 0.23105 0.2284 0.22576 0.22316 0.22057 0.218 0.21546 0.21293 0.21043 0.20795 0.20549 0.20305 0.20063 0.19824 0.19587 0.19351 0.19118 0.18887 0.18658 0.18432 0.18207 0.17985 0.17764 0.17546 0.1733 0.17116 0.16905 0.16695 0.16487 0.16282 0.16079 0.15878 0.15679 0.15482 0.15287 0.15094 0.14904 0.14716 0.14529 0.14345 0.14163 0.13983 0.13805 0.1363 0.13456 0.13285 0.13115 0.12948 0.12783 0.1262 0.12459 0.12301 0.12144 0.1199 0.11837 0.11687 0.11539 0.11393 0.11249 0.11107 0.10967 0.1083 0.10694 0.10561 0.10429 0.103 0.10173 0.10048
0.23642 0.23372 0.23105 0.2284 0.22576 0.22316 0.22057 0.218 0.21546 0.21293 0.21043 0.20795 0.20549 0.20305 0.20063 0.19824 0.19587 0.19351 0.19118 0.18887 0.18658 0.18432 0.18207 0.17985 0.17764 0.17546 0.1733 0.17116 0.16905 0.16695 0.16487 0.16282 0.16079 0.15878 0.15679 0.15482 0.15287 0.15094 0.14904 0.14716 0.14529 0.14345 0.14163 0.13983 0.13805 0.1363 0.13456 0.13285 0.13115 0.12948 0.12783 0.1262 0.12459 0.12301 0.12144 0.1199 0.11837 0.11687 0.11539 0.11393 0.11249 0.11107 0.10967 0.1083 0.10694 0.10561 0.10429 0.103 0.10173 0.10048
0.23642 0.23372 0.23105 0.2284 0.22576 0.22316 0.22057 0.218 0.21546 0.21293 0.21043 0.20795 0.20549 0.20305 0.20063 0.19824 0.19587 0.19351 0.19118 0.18887 0.18658 0.18432 0.18207 0.17985 0.17764 0.17546 0.1733 0.17116 0.16905 0.16695 0.16487 0.16282 0.16079 0.15878 0.15679 0.15482 0.15287 0.15094 0.14904 0.14716 0.14529 0.14345 0.14163 0.13983 0.13805 0.1363 0.13456 0.13285 0.13115 0.12948 0.12783 0.1262 0.12459 0.12301 0.12144 0.1199 0.11837 0.11687 0.11539 0.11393 0.11249 0.11107 0.10967 0.1083 0.10694 0.10561 0.10429 0.103 0.10173 0.10048
0.23642 0.23372 0.23105 0.2284 0.22576 0.22316 0.22057 0.218 0.21546 0.21293 0.21043 0.20795 0.20549 0.20305 0.20063 0.19824 0.19587 0.19351 0.19118 0.18887 0.18658 0.18432 0.18207 0.17985 0.17764 0.17546 0.1733 0.17116 0.16905 0.16695 0.16487 0.16282 0.16079 0.15878 0.15679 0.15482 0.15287 0.15094 0.14904 0.14716 0.14529 0.14345 0.14163 0.13983 0.13805 0.1363 0.13456 0.13285 0.13115 0.12948 0.12783 0.1262 0.12459 0.12301 0.12144 0.1199 0.11837 0.11687 0.11539 0.11393 0.11249 0.11107 0.10967 0.1083 0.10694 0.10561 0.10429 0.103 0.10173 0.10048
0.23642 0.23372 0.23105 0.2284 0.22576 0.22316 0.22057 0.218 0.21546 0.21293 0.21043 0.20795 0.20549 0.20305 0.20063 0.19824 0.19587 0.19351 0.19118 0.18887 0.18658 0.18432 0.18207 0.17985 0.17764 0.17546 0.1733 0.17116 0.16905 0.16695 0.16487 0.16282 0.16079 0.15878 0.15679 0.15482 0.15287 0.15094 0.14904 0.14716 0.14529 0.14345 0.14163 0.13983 0.13805 0.1363 0.13456 0.13285 0.13115 0.12948 0.12783 0.1262 0.12459 0.12301 0.12144 0.1199 0.11837 0.11687 0.11539 0.11393 0.11249 0.11107 0.10967 0.1083 0.10694 0.10561 0.10429 0.103 0.10173 0.10048
0.23642 0.23372 0.23105 0.2284 0.22576 0.22316 0.22057 0.218 0.21546 0.21293 0.21043 0.20795 0.20549 0.20305 0.20063 0.19824 0.19587 0.19351 0.19118 0.18887 0.18658 0.18432 0.18207 0.17985 0.17764 0.17546 0.1733 0.17116 0.16905 0.16695 0.16487 0.16282 0.16079 0.15878 0.15679 0.15482 0.15287 0.15094 0.14904 0.14716 0.14529 0.14345 0.14163 0.13983 0.13805 0.1363 0.13456 0.13285 0.13115 0.12948 0.12783 0.1262 0.12459 0.12301 0.12144 0.1199 0.11837 0.11687 0.11539 0.11393 0.11249 0.11107 0.10967 0.1083 0.10694 0.10561 0.10429 0.103 0.10173 0.10048
0.23642 0.23372 0.23105 0.2284 0.22576 0.22316 0.22057 0.218 0.21546 0.21293 0.21043 0.20795 0.20549 0.20305 0.20063 0.19824 0.19587 0.19351 0.19118 0.18887 0.18658 0.18432 0.18207 0.17985 0.17764 0.17546 0.1733 0.17116 0.16905 0.16695 0.16487 0.16282 0.16079 0.15878 0.15679 0.15482 0.15287 0.15094 0.14904 0.14716 0.14529 0.14345 0.14163 0.13983 0.13805 0.1363 0.13456 0.13285 0.13115 0.12948 0.12783 0.1262 0.12459 0.12301 0.12144 0.1199 0.11837 0.11687 0.11539 0.11393 0.11249 0.11107 0.10967 0.1083 0.10694 0.10561 0.10429 0.103 0.10173 0.10048
0.23642 0.23372 0.23105 0.2284 0.22576 0.22316 0.22057 0.218 0.21546 0.21293 0.21043 0.20795 0.20549 0.20305 0.20063 0.19824 0.19587 0.19351 0.19118 0.18887 0.18658 0.18432 0.18207 0.17985 0.17764 0.17546 0.1733 0.17116 0.16905 0.16695 0.16487 0.16282 0.16079 0.15878 0.15679 0.15482 0.15287 0.15094 0.14904 0.14716 0.14529 0.14345 0.14163 0.13983 0.13805 0.1363 0.13456 0.13285 0.13115 0.12948 0.12783 0.1262 0.12459 0.12301 0.12144 0.1199 0.11837 0.11687 0.11539 0.11393 0.11249 0.11107 0.10967 0.1083 0.10694 0.10561 0.10429 0.103 0.10173 0.10048
