Data/hsiaolin_topo_res20.asc
ncols        185
nrows        108
xllcorner    212862
yllcorner    2561517
cellsize     20
NODATA_value  0.000
[rows 0 to 28 of 108, columns 66 to 131 of 185]
412.010 422.260 440.210 446.540 452.650 458.720 473.420 487.700 507.370 525.920 548.960 571.520 576.180 563.300 550.890 547.340 545.970 535.950 511.110 488.950 476.190 467.930 463.130 454.840 454.300 457.260 464.130 472.550 488.220 514.690 539.090 550.400 565.580 574.070 580.210 585.080 589.990 594.750 597.390 599.820 607.540 616.080 617.590 618.530 619.930 621.910 620.790 621.710 626.040 632.670 638.460 647.440 665.040 672.100 671.300 665.500 661.060 656.970 653.610 647.840 641.850 637.280 632.740 628.120 619.510 627.690
414.250 426.600 440.790 448.240 454.810 463.600 477.840 493.650 513.890 538.260 561.730 580.580 569.150 554.530 544.400 538.490 532.970 527.960 517.670 492.590 472.080 455.960 449.580 451.940 460.740 476.350 495.570 512.800 531.360 545.970 552.050 557.240 563.700 570.440 576.390 584.770 591.430 593.340 594.990 598.150 606.040 616.650 622.010 626.460 633.080 636.580 637.380 639.170 644.500 651.840 665.890 677.190 682.380 685.540 684.240 679.330 672.630 667.030 663.990 660.440 655.650 647.210 640.390 634.680 627.540 625.790
420.440 428.410 442.690 453.860 461.760 471.070 484.370 499.760 519.110 548.210 571.450 575.160 554.710 545.410 537.570 528.790 521.270 516.940 511.570 498.360 476.280 455.570 448.300 458.330 476.080 484.950 497.910 515.040 528.780 542.560 550.820 555.630 559.390 566.650 573.490 582.110 590.230 592.230 594.530 599.140 609.190 618.850 624.840 636.150 642.640 647.310 652.040 660.570 672.670 680.340 686.700 692.970 697.840 701.410 700.960 695.550 687.150 679.190 675.630 671.990 663.920 656.920 648.260 640.560 632.790 628.860
428.060 436.480 443.090 453.200 466.960 479.180 490.890 507.500 524.900 552.160 566.360 554.300 541.540 534.280 529.100 516.490 507.740 502.930 498.740 493.430 478.490 464.070 447.370 449.000 466.250 489.480 502.940 517.820 528.720 538.670 546.870 554.060 558.820 564.130 571.580 580.990 590.220 593.580 598.470 605.460 612.740 619.910 629.780 641.270 651.070 662.700 674.530 681.550 687.840 694.290 701.570 708.680 715.090 721.910 719.610 711.340 701.280 693.210 688.040 681.260 672.650 662.920 656.210 649.310 638.260 633.560
430.840 436.670 446.890 459.770 474.670 487.910 500.000 517.280 535.380 553.790 554.300 535.500 520.840 515.920 511.930 502.050 490.520 485.840 483.380 479.430 463.640 453.670 443.620 449.300 462.590 488.960 509.820 521.740 527.970 534.530 544.510 553.810 558.940 563.760 572.500 582.850 591.560 596.560 603.170 610.570 617.300 622.310 633.200 645.610 656.910 670.000 681.810 690.260 696.970 707.040 718.510 724.960 733.870 740.330 736.930 727.180 716.440 705.240 696.760 689.150 679.490 670.070 663.150 656.060 648.700 644.320
423.980 435.670 452.120 469.540 486.430 496.630 513.060 530.540 545.590 545.460 534.860 515.900 497.760 492.860 491.290 483.180 471.210 468.230 466.220 462.790 448.170 439.660 444.540 454.210 468.390 492.490 509.800 522.830 530.750 534.490 541.810 550.590 557.640 563.590 572.890 585.160 594.250 599.610 609.430 614.920 621.050 626.930 636.090 648.400 658.710 669.530 681.680 693.390 703.000 719.100 733.410 743.500 753.270 756.090 754.340 746.280 732.310 718.960 708.840 703.180 698.190 685.360 673.310 666.650 660.730 657.740
429.050 446.450 458.630 478.490 493.790 508.900 522.050 530.410 533.520 530.860 517.770 502.280 477.450 471.440 468.620 463.100 452.530 448.970 447.990 444.330 438.090 438.280 448.830 462.290 481.290 508.190 521.270 528.660 535.860 538.270 543.170 548.980 556.430 562.680 570.600 584.520 596.550 604.840 614.910 620.520 624.290 631.720 640.310 649.810 658.620 667.220 679.600 693.880 707.200 724.140 739.300 752.770 762.330 767.210 766.130 760.050 750.910 735.680 723.250 715.710 710.250 702.410 689.320 680.610 674.070 673.950
437.880 450.890 466.260 483.650 498.770 509.580 517.520 523.330 522.270 516.910 504.230 482.250 463.210 454.350 448.300 443.330 435.380 432.490 433.490 432.500 437.040 443.860 463.250 480.400 501.170 514.300 526.190 531.300 538.480 541.830 546.500 549.920 557.790 562.430 567.880 581.740 600.170 609.790 617.660 622.240 627.130 636.040 645.220 652.080 660.540 668.080 680.910 694.460 708.910 725.930 740.280 755.950 767.350 775.730 777.120 771.540 761.780 752.500 739.840 729.790 722.360 711.810 705.840 699.450 693.320 689.980
442.670 454.970 471.760 483.370 494.640 502.530 510.420 513.760 508.430 498.720 489.190 469.530 449.820 439.710 434.140 426.250 426.990 435.020 438.940 445.430 448.030 451.110 469.950 491.460 510.970 523.890 532.270 534.870 539.550 543.800 547.920 553.030 560.000 562.990 568.500 582.320 602.200 609.890 618.320 622.910 630.340 638.280 646.240 653.860 663.120 673.910 686.600 695.970 709.590 726.500 741.310 756.570 768.510 780.760 785.760 781.170 775.050 766.060 753.420 741.860 734.560 728.710 724.960 721.440 713.910 705.140
449.020 461.670 475.250 485.570 495.530 499.610 507.770 502.980 492.880 482.640 475.720 450.850 433.860 425.280 420.600 425.590 435.060 445.740 454.810 463.230 467.980 470.660 473.860 493.750 511.640 530.140 541.450 544.230 545.010 548.500 552.180 556.250 560.910 563.530 571.080 583.220 600.220 605.790 616.630 622.800 630.320 637.900 645.710 655.990 666.820 678.570 692.650 702.410 712.670 727.070 741.720 756.160 769.190 783.200 793.260 791.770 786.550 778.370 766.430 754.350 746.330 739.530 735.890 735.140 732.640 728.250
457.920 465.810 471.980 480.600 488.280 496.640 503.410 491.890 477.800 471.600 457.030 435.890 420.450 418.990 428.190 436.890 446.750 454.410 464.120 482.390 488.300 492.000 495.390 501.340 509.880 523.240 541.320 550.720 552.340 553.950 557.460 560.780 562.670 565.330 572.940 582.880 590.930 596.550 609.400 621.070 627.740 635.410 646.370 657.840 670.280 682.890 695.910 711.740 722.290 732.080 743.980 756.530 769.670 782.990 795.220 804.520 801.430 793.600 783.370 771.790 759.990 749.310 746.280 747.500 751.010 753.280
457.060 459.230 466.080 476.340 483.590 492.720 496.910 477.290 464.450 455.490 442.490 424.270 417.560 429.780 443.030 452.590 463.510 470.200 477.660 493.360 507.830 516.220 522.400 528.750 532.610 536.280 545.090 549.170 551.870 553.990 558.590 561.870 564.300 568.790 574.870 583.560 591.350 598.270 608.280 618.140 624.800 634.640 646.880 660.110 675.220 687.460 699.510 719.860 732.770 743.970 754.540 764.050 773.150 786.840 797.090 810.500 813.870 809.210 800.180 786.470 771.800 764.360 762.900 765.290 768.810 769.940
444.830 449.100 461.360 475.020 481.570 488.660 487.420 475.710 457.900 443.330 427.970 417.150 423.350 438.270 454.970 472.240 484.190 491.040 494.990 505.150 523.790 530.590 533.650 535.870 537.370 543.350 548.440 551.170 553.720 557.280 560.780 563.090 565.940 572.140 579.590 587.100 594.990 603.830 615.830 621.740 629.310 639.640 647.490 666.250 681.430 693.900 708.930 726.380 739.480 752.550 763.780 774.040 786.110 798.590 808.850 818.820 826.250 825.240 816.450 804.360 790.470 784.040 784.190 787.410 791.040 787.740
435.180 444.560 456.800 468.900 479.050 483.090 479.620 475.070 452.790 432.620 414.690 417.740 428.400 441.600 458.150 480.230 500.720 506.610 515.100 520.920 530.480 536.000 538.670 541.510 541.450 546.330 551.750 553.940 556.950 561.090 563.450 565.680 569.120 573.970 582.830 591.350 599.770 611.980 620.550 626.230 637.230 645.990 657.260 675.210 688.350 699.440 714.790 729.620 743.050 755.430 769.030 781.400 792.520 805.700 816.150 828.510 837.520 838.800 834.210 826.730 816.710 809.310 808.310 809.470 809.600 802.690
431.190 441.030 452.200 463.970 472.560 473.870 469.260 461.890 447.590 428.750 412.170 421.470 433.870 446.750 463.650 484.930 504.350 508.710 515.740 521.560 533.800 540.700 542.880 545.660 545.520 550.530 555.540 557.110 560.230 563.360 566.510 569.250 571.560 576.680 585.120 594.120 605.310 616.980 624.200 634.320 643.780 653.740 668.630 682.420 693.550 704.920 717.990 730.080 743.020 754.940 769.260 782.010 795.240 807.490 819.470 835.230 846.290 853.580 854.550 853.660 848.630 840.140 834.970 830.680 824.420 816.850
426.730 437.970 448.830 459.500 464.430 460.030 452.240 445.190 438.130 425.550 409.950 424.400 439.250 453.460 470.630 492.200 505.700 510.280 514.930 527.080 539.410 543.670 546.990 549.280 548.200 555.490 559.420 559.390 563.030 566.570 570.260 572.570 574.820 580.750 587.730 595.560 605.560 619.270 629.700 639.130 648.210 662.900 676.290 687.480 696.910 707.610 718.500 729.260 741.790 752.230 766.790 781.650 796.020 808.210 820.310 833.150 843.420 856.050 865.540 867.280 864.730 861.460 858.630 854.320 846.600 834.770
420.450 434.920 445.160 455.970 455.470 445.210 437.090 430.920 425.770 417.510 407.470 418.580 434.700 452.010 475.700 494.800 505.530 508.950 516.720 530.620 542.660 547.800 551.690 553.130 553.240 560.480 563.010 563.390 565.790 570.680 573.840 577.580 582.740 588.860 595.640 599.530 611.580 622.280 632.380 641.800 651.950 666.330 678.500 688.890 697.670 707.530 717.160 728.080 740.370 749.960 764.770 780.230 794.320 804.840 815.490 825.780 835.890 847.370 861.690 875.720 880.190 879.330 876.420 871.900 865.500 855.800
415.440 431.920 441.630 451.900 442.280 428.840 419.310 415.560 411.670 407.900 405.050 414.670 432.370 453.590 478.700 492.890 502.240 509.150 520.940 533.730 545.820 552.050 556.550 556.590 558.260 562.750 566.170 567.570 568.930 572.940 578.640 584.750 590.570 597.400 602.820 605.960 616.110 624.760 634.200 643.230 653.140 666.030 677.730 687.460 695.840 706.110 715.120 726.630 738.870 748.660 764.130 780.200 792.760 800.890 810.030 820.340 830.550 842.260 855.280 867.340 877.780 885.020 888.800 888.860 883.300 876.050
409.350 428.230 439.310 439.180 421.850 413.570 405.950 403.850 401.440 400.350 404.050 415.930 433.580 456.170 479.960 492.560 501.940 513.350 525.410 537.600 546.160 553.670 559.390 560.540 563.820 566.960 569.660 571.650 573.180 578.610 585.140 591.340 596.910 603.220 610.130 615.680 621.980 626.890 635.350 643.910 653.540 664.910 676.300 685.330 693.870 704.050 713.370 724.630 737.010 747.600 761.420 777.190 789.370 798.000 808.440 818.880 830.460 842.220 853.420 862.010 869.590 879.980 888.930 898.370 899.230 893.240
400.480 422.760 434.060 424.280 406.380 396.540 395.700 397.140 398.600 402.500 411.700 426.530 443.130 467.560 484.920 495.510 503.610 518.490 530.360 538.940 543.710 553.600 562.620 564.430 567.230 570.470 572.910 575.180 579.810 585.550 591.460 598.600 605.060 615.220 620.720 623.700 626.230 629.570 636.240 644.130 653.730 664.120 675.040 683.400 692.380 701.740 711.420 722.530 735.330 746.920 760.580 771.810 782.540 795.070 806.600 816.780 828.240 840.300 849.780 858.320 865.380 873.010 883.540 898.240 907.930 906.610
402.740 418.730 423.630 408.760 394.810 395.540 398.260 399.960 415.460 423.300 431.300 444.600 463.290 481.170 493.840 498.590 511.140 520.890 531.780 539.000 548.490 557.030 567.680 570.450 574.140 575.060 576.240 579.320 587.130 594.130 600.870 609.200 617.420 623.850 629.010 630.180 630.680 631.550 636.650 643.870 652.810 663.060 673.120 681.780 690.960 699.150 709.590 720.330 732.720 746.660 759.140 766.500 774.340 788.950 799.450 810.890 823.360 834.030 843.020 850.010 857.960 865.880 877.170 893.540 910.780 919.700
397.810 408.720 408.140 396.050 393.430 399.160 408.310 417.570 429.280 439.890 450.630 465.240 477.120 486.320 492.020 499.000 513.140 520.420 530.680 543.790 553.790 560.960 568.260 575.360 576.770 577.510 578.770 581.920 594.890 601.660 603.790 612.090 621.970 629.120 632.290 633.330 633.560 633.590 636.860 643.000 650.680 661.080 670.320 680.220 690.400 699.020 709.390 719.720 731.130 744.840 754.960 761.150 770.040 781.360 791.000 799.050 809.700 826.110 835.740 847.140 860.800 872.620 888.340 899.790 921.000 935.570
389.580 394.910 394.230 393.240 393.910 399.910 417.670 424.550 437.850 451.270 459.090 463.170 473.930 485.330 488.170 494.540 504.740 516.910 526.880 539.300 551.000 560.120 567.290 574.250 575.550 576.960 578.290 581.980 592.420 600.890 603.940 614.610 621.840 629.670 633.820 636.050 636.220 636.360 638.420 642.870 648.780 658.800 668.720 679.310 690.650 700.540 709.580 719.030 728.320 739.640 748.720 758.450 769.470 780.090 787.100 794.280 799.830 826.050 841.540 856.270 870.420 891.570 908.610 926.840 942.860 952.980
388.550 390.120 391.280 391.750 393.240 397.360 412.360 427.590 443.050 457.240 461.720 464.960 474.070 482.810 484.140 493.750 503.230 512.160 520.630 527.980 537.190 550.330 558.410 564.510 568.680 574.620 576.540 581.530 593.380 601.050 606.410 613.610 620.030 627.150 633.180 636.710 638.400 638.500 638.910 642.270 647.180 656.760 668.280 679.880 691.450 701.450 709.680 717.220 726.380 736.670 748.000 761.490 771.990 781.720 792.620 802.320 813.770 836.430 858.030 874.570 895.610 914.970 936.060 955.490 972.540 984.550
391.440 389.190 391.120 394.210 395.280 395.420 414.920 430.830 445.540 457.460 461.680 465.660 473.580 478.140 480.730 496.290 504.440 509.610 513.230 515.630 520.270 530.200 542.200 553.710 562.400 569.490 573.590 579.930 592.230 602.090 607.190 610.510 617.250 623.790 630.570 635.460 639.720 640.910 642.540 644.690 647.850 655.790 668.700 680.350 691.440 701.780 709.980 717.540 728.390 741.180 752.570 764.110 771.720 782.630 794.850 817.010 835.300 854.060 876.290 895.180 916.060 937.120 956.370 968.940 978.400 987.770
397.840 395.020 395.620 398.850 404.510 399.660 419.550 432.320 444.400 452.640 455.300 458.400 465.170 471.190 478.180 492.500 495.830 497.290 499.730 503.500 509.750 514.460 523.670 538.890 553.560 562.650 570.960 579.120 587.850 596.510 606.410 610.150 613.510 621.620 630.270 635.050 641.900 644.170 646.160 647.980 650.780 657.660 667.890 679.780 691.000 701.790 710.290 719.580 731.190 741.810 752.250 765.350 779.210 796.240 812.570 841.150 879.780 887.720 898.060 914.850 933.510 946.660 957.440 965.340 973.590 981.720
414.660 409.470 408.770 412.470 416.060 403.310 423.860 429.410 437.350 442.550 440.420 443.550 449.390 456.170 470.290 477.680 477.760 477.970 483.470 494.620 510.470 523.540 532.270 538.960 552.110 563.860 573.440 579.820 588.030 595.770 607.320 614.870 621.080 628.740 633.930 642.020 646.960 649.290 653.600 658.090 662.670 666.100 670.810 678.070 689.780 700.780 711.530 723.600 733.310 742.840 755.360 774.580 797.340 827.670 876.260 887.850 901.280 912.210 920.900 931.020 935.780 940.900 948.470 957.200 962.960 971.380
432.230 426.750 424.490 427.400 424.490 411.910 412.280 426.010 432.040 430.090 439.050 445.270 450.330 454.430 457.570 461.120 467.480 476.900 488.410 498.250 514.360 529.740 544.400 556.540 568.350 574.660 580.020 583.700 588.020 596.560 607.380 617.660 627.160 632.980 640.040 649.790 661.210 673.590 678.590 680.350 684.160 690.640 695.470 702.050 711.050 717.310 723.260 733.850 744.110 759.790 778.270 800.760 837.360 868.440 880.740 890.140 898.940 907.830 913.280 918.390 924.810 932.400 940.680 945.740 952.110 962.170
449.050 448.050 444.980 447.400 439.580 423.350 414.660 417.570 423.220 441.900 451.690 454.290 454.720 462.280 472.450 475.750 479.830 489.420 497.670 509.540 526.660 538.920 553.770 574.450 585.030 587.280 588.730 589.630 591.820 593.860 604.400 616.010 627.460 634.680 646.660 660.890 674.130 685.450 692.980 702.030 709.060 715.830 725.670 732.590 740.860 749.270 757.070 769.750 780.400 797.400 826.040 839.770 855.740 864.810 872.790 884.970 894.830 899.760 907.190 912.950 921.430 928.190 934.960 940.970 946.390 956.020
