Data/hsiaolin_topo_res20.asc
ncols        185
nrows        108
xllcorner    212862
yllcorner    2561517
cellsize     20
NODATA_value  0.000
[rows 58 to 86 of 108, columns 0 to 65 of 185]
515.730 517.950 507.770 497.330 473.370 455.140 441.670 431.750 424.280 422.540 419.760 416.770 411.360 404.710 397.520 391.820 397.170 408.720 400.340 385.260 363.010 358.630 360.330 361.050 361.630 362.220 362.810 363.500 364.500 365.640 366.930 368.250 371.400 375.310 376.250 377.380 378.410 379.430 394.690 409.740 412.770 414.470 426.660 429.840 443.700 458.580 466.850 470.230 472.390 474.160 478.880 479.540 478.690 479.960 483.040 487.930 490.970 495.860 501.050 507.370 516.020 517.350 520.240 523.930 529.290 527.050
503.890 498.600 490.000 483.440 480.480 467.750 458.130 454.190 455.920 455.570 448.810 430.460 422.950 418.170 410.290 401.160 388.500 386.200 376.590 371.090 361.680 358.900 360.410 361.200 361.980 362.760 363.550 364.300 365.100 366.500 367.570 368.860 372.430 375.950 377.000 377.910 378.740 379.900 395.840 410.430 412.450 414.150 429.520 436.420 451.540 461.470 466.440 469.780 471.340 472.770 475.250 477.660 480.470 482.850 486.800 492.220 493.350 498.520 501.470 509.620 520.470 518.010 513.990 520.610 527.350 532.980
482.150 481.820 466.750 464.540 477.390 480.730 477.550 481.540 481.260 476.480 462.370 454.710 443.770 430.780 426.120 426.300 406.570 386.520 378.400 370.520 360.260 359.100 360.300 360.830 361.640 362.440 363.250 364.050 365.190 366.880 368.170 369.380 374.620 375.960 376.960 377.960 378.960 379.970 396.600 409.030 412.420 415.220 431.780 436.990 442.760 449.350 458.690 465.880 471.160 473.960 476.940 479.720 483.270 486.470 493.300 494.570 492.490 495.010 499.760 508.890 513.370 510.740 508.040 514.240 525.290 529.780
466.490 465.000 447.480 448.430 464.420 466.590 463.920 464.180 463.740 465.860 450.040 437.250 435.180 434.250 427.100 420.860 412.120 396.890 376.560 360.330 358.860 359.170 360.980 361.500 361.570 361.880 362.680 363.420 365.030 367.030 367.700 368.990 375.580 376.430 377.260 378.090 378.920 379.750 393.020 406.270 411.120 416.380 431.590 440.710 443.550 445.160 449.540 457.400 466.860 471.760 476.830 481.660 485.700 494.410 495.660 491.400 489.270 489.990 496.110 501.340 503.990 501.970 503.330 507.830 521.180 527.300
454.890 450.890 433.050 444.680 459.040 454.810 454.900 455.880 452.050 449.780 445.770 429.240 419.560 418.030 411.910 407.590 397.040 382.060 364.330 359.720 358.480 359.680 361.130 362.630 363.040 363.110 362.850 363.760 365.830 367.900 369.860 371.160 374.740 376.450 377.390 378.180 379.080 381.200 393.080 405.780 408.740 416.150 429.450 442.000 446.510 447.720 448.430 454.220 461.450 468.110 476.020 482.270 488.560 491.630 487.480 485.420 484.340 485.080 489.550 495.070 497.290 497.550 502.310 504.780 517.560 529.030
440.650 433.720 422.700 440.590 456.220 444.370 439.380 439.780 439.270 444.240 440.820 425.910 404.780 402.430 398.900 392.530 378.550 364.480 359.950 359.030 359.000 360.310 361.840 363.200 364.280 364.350 363.020 364.630 366.690 368.820 371.040 373.260 375.230 375.800 376.670 377.520 379.040 386.790 397.300 402.940 407.000 414.350 428.550 441.050 445.870 447.780 449.810 454.260 459.840 467.630 476.130 480.720 483.510 482.710 481.930 482.420 482.930 484.200 485.880 489.830 491.410 493.250 498.690 502.850 516.040 530.890
432.740 425.450 414.360 436.500 449.400 434.240 425.090 423.150 423.800 429.670 437.430 425.420 401.680 390.770 390.760 380.870 364.490 361.020 359.220 358.630 359.660 361.300 362.820 364.340 365.300 364.290 363.650 365.380 367.410 369.480 371.180 371.470 372.420 373.180 375.910 377.830 379.660 388.070 396.430 402.360 404.600 412.930 426.470 438.010 446.250 449.390 452.100 455.170 463.900 471.300 476.630 479.340 479.150 479.010 479.920 481.140 483.140 484.160 484.040 484.810 487.850 490.460 497.210 503.510 521.250 536.570
424.150 417.290 411.500 429.830 443.040 433.040 412.880 412.580 417.720 421.680 428.400 421.540 398.900 378.080 377.890 364.550 361.970 359.640 358.560 359.260 360.570 362.440 364.120 365.450 365.270 363.820 364.330 365.470 366.810 368.160 369.170 368.840 371.320 373.920 376.270 378.230 381.100 388.320 393.680 399.940 402.780 411.060 422.680 435.410 445.660 453.770 458.140 462.140 466.770 473.200 477.290 477.280 476.910 477.920 479.340 481.410 483.160 482.790 482.620 484.330 486.470 489.040 497.710 506.390 518.650 525.340
417.690 406.020 408.000 422.620 433.430 425.720 407.860 403.250 407.190 410.270 408.040 400.890 387.520 370.830 364.400 362.970 360.420 359.050 358.770 359.860 361.850 363.690 365.380 366.140 364.570 363.500 364.890 365.710 366.470 367.230 368.210 368.920 371.290 373.990 375.860 377.470 379.030 382.330 388.100 393.820 401.600 406.710 419.870 433.470 444.540 457.070 463.110 467.010 470.590 475.400 476.300 475.650 479.270 479.650 479.900 481.500 481.880 480.960 481.790 482.960 484.710 487.620 490.130 500.210 506.430 507.530
406.330 397.570 405.570 413.840 413.450 410.560 405.930 397.470 395.420 395.940 390.420 380.750 366.590 364.110 362.910 361.670 360.100 358.730 359.330 360.950 363.160 365.040 366.440 365.830 364.350 363.790 365.100 366.210 367.210 368.210 369.220 370.130 371.170 372.420 373.880 376.200 378.140 379.240 384.580 389.130 395.890 404.390 418.370 431.140 444.460 457.580 466.240 469.820 471.070 471.180 470.410 470.040 472.610 475.460 474.930 474.230 475.450 477.020 479.220 481.130 484.190 487.360 488.230 492.030 494.560 497.080
394.590 394.750 399.740 401.890 401.150 399.880 392.130 388.660 380.910 377.800 371.750 365.810 364.180 363.090 361.830 360.540 359.250 358.560 359.930 362.510 364.850 366.310 367.420 365.310 363.980 364.140 365.740 366.780 367.810 368.850 369.910 371.460 372.250 373.040 373.850 375.100 376.060 379.850 386.220 391.330 398.950 407.220 418.110 430.100 442.020 452.860 460.720 463.720 462.690 459.490 459.540 461.120 462.780 464.360 467.640 471.630 478.810 478.370 475.020 474.700 480.830 485.390 487.550 491.110 491.650 492.680
389.560 392.390 393.960 392.180 388.080 382.420 375.980 372.430 369.230 367.540 365.000 364.020 363.380 362.320 361.060 359.780 358.520 359.250 361.190 363.810 365.910 367.490 366.020 364.680 363.710 364.000 365.330 366.330 367.280 368.360 369.530 370.770 371.510 372.240 372.980 373.720 375.520 379.260 389.920 398.520 404.760 420.440 425.000 429.210 437.740 446.190 452.550 456.260 461.070 463.400 464.980 468.130 470.360 474.170 475.860 476.830 483.740 490.940 489.470 484.490 483.260 483.900 485.170 487.230 488.480 491.300
383.950 384.480 383.020 380.910 373.810 370.380 369.330 368.000 366.260 364.630 363.660 362.570 361.750 361.640 360.380 359.050 358.700 359.960 362.060 364.480 366.430 366.820 365.090 364.120 363.600 364.580 365.690 366.780 367.990 369.170 370.450 371.160 371.860 372.760 373.580 374.340 375.930 385.270 392.010 400.880 409.520 425.640 437.060 445.350 455.140 460.050 462.720 465.090 465.990 467.430 469.840 471.560 472.110 473.250 476.640 479.030 482.810 490.080 494.520 498.050 497.090 494.080 494.370 497.630 501.730 504.590
377.840 376.770 371.840 369.570 369.010 368.000 366.930 365.480 364.350 363.420 362.360 361.280 360.200 359.900 359.320 358.280 359.350 360.920 362.800 364.900 367.260 366.380 364.680 363.720 363.980 364.950 366.110 367.280 368.430 369.540 370.920 371.690 372.450 373.220 373.990 374.740 377.120 384.050 392.220 399.680 412.250 426.350 440.230 453.290 460.910 463.830 465.930 466.670 467.960 468.890 469.710 471.410 473.550 474.810 476.220 479.160 483.730 489.730 494.920 498.710 505.520 505.940 506.380 508.480 511.890 514.190
372.610 369.410 367.600 367.120 366.990 366.110 364.940 364.060 363.210 362.190 361.190 360.100 359.140 358.660 358.540 358.830 360.000 361.560 363.370 365.800 365.610 364.660 364.140 363.400 364.370 365.390 366.330 367.690 368.880 370.040 371.110 372.100 372.870 373.580 374.080 374.400 376.050 381.290 391.870 400.390 413.860 426.490 440.460 455.320 461.330 463.700 466.050 466.580 467.720 468.540 469.350 470.470 472.700 474.920 478.220 479.700 489.970 497.550 501.620 505.480 506.440 513.410 518.740 521.770 523.250 525.460
378.840 371.710 366.490 364.670 364.740 364.650 363.990 363.090 362.160 361.160 360.060 359.440 358.850 358.150 358.620 359.430 360.800 362.360 363.750 364.820 364.120 363.390 363.310 363.850 364.770 365.870 366.950 368.050 368.860 370.220 371.810 372.320 372.580 372.840 373.100 373.630 375.810 381.980 391.670 400.940 415.780 427.080 440.180 456.100 461.420 463.290 464.120 465.810 467.360 468.180 468.960 469.450 471.670 473.460 477.400 486.030 496.690 502.140 506.490 510.910 515.270 521.310 529.510 533.430 536.640 540.190
372.680 366.760 364.820 364.260 363.340 363.630 363.180 362.390 361.360 360.260 359.250 358.760 358.240 358.600 359.350 360.130 361.430 362.900 364.370 364.020 363.300 362.540 363.540 364.420 365.390 366.690 367.720 368.740 369.340 370.000 370.800 371.190 371.460 371.720 372.400 373.420 376.880 387.010 393.690 401.830 416.980 429.510 440.010 455.550 460.830 462.200 463.710 465.410 467.000 467.380 467.460 467.840 470.610 473.360 477.270 483.640 495.790 504.780 510.200 516.610 522.170 529.010 537.150 544.140 550.460 553.500
364.980 364.660 363.910 363.910 363.240 362.350 362.490 361.700 360.810 359.740 358.630 358.070 358.430 359.110 359.800 360.880 362.050 363.520 363.950 363.220 362.490 362.130 363.500 364.880 366.010 366.450 366.980 367.520 368.030 368.660 369.490 370.010 370.330 371.400 373.150 374.820 383.910 392.700 397.240 404.670 419.890 432.710 442.770 456.330 460.870 462.310 463.740 465.190 465.630 465.720 465.150 464.710 470.260 473.860 478.710 486.020 496.270 511.340 519.220 525.360 531.470 537.420 545.350 550.140 554.020 556.410
364.640 364.140 363.810 362.990 362.940 362.210 361.360 361.070 360.200 359.430 358.690 358.090 358.840 359.560 360.410 361.600 362.810 363.890 363.160 362.420 361.690 362.030 363.400 363.920 364.370 365.180 365.690 366.200 366.710 367.460 368.430 368.240 370.140 372.200 373.130 379.100 389.150 396.880 401.380 413.000 426.250 436.700 448.350 459.040 461.140 462.570 464.000 463.950 463.600 463.210 462.590 464.300 473.500 480.370 484.760 494.600 505.890 518.440 526.330 531.540 533.420 536.070 538.700 541.970 542.790 543.660
364.550 363.830 363.260 362.970 362.060 361.950 361.110 360.380 359.700 358.970 358.250 358.470 359.220 359.960 361.080 362.350 363.500 362.960 362.360 361.610 360.880 361.930 362.350 363.550 365.020 366.670 367.120 367.580 368.030 368.310 367.960 369.060 371.280 373.470 378.110 390.520 396.650 400.860 411.050 421.780 433.460 444.860 455.980 460.950 461.800 462.930 462.670 462.260 461.620 460.870 460.100 464.480 478.260 485.050 494.260 503.710 512.230 521.840 525.360 523.780 521.290 526.630 527.750 530.780 531.530 532.770
364.330 363.860 363.020 362.380 362.120 361.140 360.920 360.010 359.280 358.540 358.120 358.870 359.630 360.610 361.780 362.890 363.270 362.020 361.520 360.810 360.460 361.420 362.390 363.220 364.130 365.120 366.890 368.820 369.380 369.640 368.980 369.050 369.860 374.760 388.060 396.910 405.510 409.080 414.610 428.040 440.940 448.100 455.850 460.200 461.530 461.930 461.040 460.560 458.800 458.240 463.120 468.120 484.930 490.960 499.340 504.070 508.070 512.330 510.830 505.270 507.770 512.130 514.600 517.450 519.550 519.340
363.940 363.890 363.050 362.210 361.500 361.270 360.260 359.380 358.320 357.920 358.490 359.250 360.040 361.250 362.460 361.880 361.790 360.980 360.030 359.340 360.260 361.490 362.320 363.150 363.580 365.470 367.140 368.740 370.250 371.380 369.730 369.070 371.890 384.370 392.890 400.040 406.200 413.870 421.290 433.820 441.970 446.790 449.200 456.060 459.950 461.110 458.870 454.380 460.170 465.090 468.230 477.820 486.810 487.280 488.860 492.250 494.350 495.600 494.250 490.300 492.320 499.690 504.920 505.660 507.650 508.920
362.790 363.750 363.080 362.240 361.400 360.630 360.290 358.820 357.810 358.100 358.890 359.630 360.590 361.790 361.840 360.850 360.020 359.550 358.800 360.230 362.200 361.370 363.260 364.690 364.380 366.170 367.880 369.560 371.390 371.440 370.340 370.330 379.150 390.960 396.460 403.410 409.610 415.290 424.350 432.870 439.780 443.620 446.040 450.440 456.770 455.850 456.850 460.840 463.050 466.620 472.540 482.220 483.470 482.030 481.250 483.620 484.740 484.120 481.930 477.430 486.210 493.390 499.910 502.140 502.810 499.640
362.780 363.360 363.270 362.420 361.560 360.700 359.180 357.870 357.560 358.350 359.240 360.070 361.040 362.160 361.090 359.910 359.330 358.830 359.580 361.690 364.520 363.900 362.700 365.710 366.670 367.810 369.020 371.180 372.060 373.280 373.380 374.560 386.910 394.420 401.710 409.960 414.250 418.840 424.640 429.920 436.500 438.130 439.870 442.320 447.200 457.870 461.310 463.000 464.420 468.950 480.210 480.350 477.480 472.860 467.830 472.450 477.600 476.220 464.090 474.670 485.420 487.910 488.410 497.100 498.240 490.530
362.420 362.800 362.640 362.430 361.300 360.070 358.520 356.670 357.090 358.760 359.680 360.430 361.350 361.920 360.940 359.580 358.850 359.260 360.910 365.850 365.850 365.790 365.310 364.210 365.360 366.470 367.830 369.150 371.100 373.190 374.500 381.960 393.030 401.340 405.120 410.460 417.580 423.240 427.580 432.000 432.550 432.560 433.500 436.560 441.850 450.510 457.340 461.820 464.620 468.470 473.710 465.910 466.210 462.400 457.850 461.160 468.550 463.720 456.800 475.060 481.720 478.590 475.160 484.920 485.650 479.600
361.900 362.470 361.760 361.250 360.460 359.120 357.630 356.240 357.460 358.940 360.110 360.640 361.210 361.600 361.660 360.380 358.960 359.470 363.580 365.740 365.930 366.790 366.900 366.500 366.040 366.300 367.170 367.960 370.500 372.820 374.850 392.280 397.810 401.830 405.210 409.070 413.710 418.610 422.120 425.310 426.710 427.690 429.200 433.500 437.930 444.120 453.580 460.290 462.820 466.540 464.150 454.010 453.270 452.120 449.160 448.370 456.200 450.650 455.180 465.040 470.240 463.910 464.090 472.800 474.110 469.980
362.280 361.680 361.020 360.350 359.410 358.160 356.540 356.550 358.180 359.720 360.410 360.890 361.430 361.120 360.750 359.780 358.650 359.780 363.230 364.410 364.850 365.630 366.760 368.120 368.080 367.720 368.520 369.610 370.590 372.460 381.280 392.970 395.820 398.760 403.100 406.640 410.470 412.930 415.070 417.120 419.610 423.430 428.060 431.970 435.630 440.970 449.540 455.400 459.240 460.510 454.360 443.010 438.440 437.420 435.550 436.950 438.080 444.650 447.600 449.910 454.800 466.300 471.350 471.540 471.630 470.550
361.580 360.920 360.260 359.320 358.180 357.050 355.700 357.060 359.070 360.210 360.720 361.210 361.410 360.790 360.220 359.360 358.960 360.070 360.930 362.790 363.100 363.890 366.070 367.330 368.590 369.360 369.440 371.090 373.130 371.380 376.760 383.700 384.270 389.370 395.100 400.370 403.600 404.270 403.680 411.950 414.480 421.080 427.060 431.770 436.030 438.910 449.990 453.880 452.290 451.090 446.860 433.210 423.450 424.890 436.970 446.050 450.600 459.580 465.780 471.620 477.570 483.360 488.170 487.810 485.270 484.890
360.860 360.140 359.260 358.210 357.030 355.780 355.110 356.970 360.000 360.510 361.020 361.190 361.030 361.080 360.020 358.930 359.290 360.310 361.410 362.570 363.420 365.020 365.660 366.710 367.910 369.100 370.440 372.580 374.320 373.740 373.310 374.460 375.930 379.340 386.110 392.230 393.600 393.140 400.400 407.280 411.870 417.290 425.890 433.730 438.430 447.330 452.260 448.050 443.100 436.890 433.840 423.100 423.010 437.860 448.630 461.610 469.950 477.820 482.100 487.890 493.680 498.980 501.710 500.090 496.550 496.720
