Data/hsiaolin_topo_res20.asc
ncols        185
nrows        108
xllcorner    212862
yllcorner    2561517
cellsize     20
NODATA_value  0.000
[rows 29 to 57 of 108, columns 66 to 131 of 185]
471.540 471.220 470.520 462.760 452.470 438.380 430.710 425.950 423.470 431.000 434.060 439.670 445.490 450.960 464.810 480.050 488.960 499.010 509.450 523.510 536.530 546.950 558.440 573.550 587.860 596.960 601.620 602.970 603.900 604.830 607.310 614.270 623.020 636.520 648.920 664.200 678.870 691.120 699.350 710.800 718.710 727.920 737.410 746.800 762.330 779.370 791.600 802.880 814.790 826.980 837.610 843.700 854.440 862.640 871.680 881.690 891.150 894.820 900.710 908.660 917.700 925.580 932.670 939.010 943.950 949.980
487.800 486.980 477.930 470.350 463.430 453.940 443.900 436.830 432.560 429.610 441.010 452.230 457.180 456.190 462.860 478.070 494.320 507.770 519.000 529.480 544.420 556.080 568.020 577.130 585.550 597.800 608.800 611.940 613.160 614.690 617.880 621.790 630.290 636.420 647.470 664.070 679.690 692.260 702.660 715.210 724.730 735.370 746.380 756.940 772.100 785.270 794.480 805.210 815.210 824.560 833.590 841.310 849.640 861.410 869.180 876.250 881.720 884.870 892.130 902.390 912.170 921.900 930.120 936.550 941.850 947.220
497.620 487.680 484.010 481.060 477.470 471.680 462.720 455.860 445.280 436.290 441.970 456.920 468.910 468.830 471.020 479.820 494.120 511.050 523.820 534.380 546.630 561.130 575.780 584.900 591.060 599.650 608.610 619.410 625.600 631.220 637.090 643.370 644.560 644.910 647.800 663.060 679.250 692.090 703.810 717.600 730.110 739.420 748.930 762.730 771.710 782.160 791.220 800.330 809.230 816.700 824.920 835.810 845.730 857.690 864.690 868.040 870.990 875.170 884.170 898.050 908.140 916.990 926.120 933.210 939.080 944.270
502.690 498.740 495.980 492.310 488.870 484.300 477.260 467.530 455.810 444.770 439.180 452.210 465.870 478.820 481.150 487.640 499.450 512.990 524.960 535.980 547.290 561.940 575.910 589.460 597.350 605.520 615.030 623.850 632.800 635.340 641.720 653.520 658.840 658.310 658.430 663.220 678.180 691.240 703.150 719.090 732.960 741.360 749.230 761.540 768.480 774.650 783.210 793.210 803.060 811.510 818.540 828.920 840.160 848.670 853.420 857.030 861.540 866.730 878.270 891.350 904.470 913.610 921.660 928.920 936.290 942.740
511.010 507.850 505.250 502.080 499.950 495.700 490.280 480.490 467.840 455.950 451.740 447.750 460.160 473.200 493.390 499.130 509.460 517.520 527.630 538.440 549.150 561.920 574.030 585.710 596.120 614.570 623.170 633.410 640.830 643.280 645.000 653.440 666.180 668.840 670.950 673.290 676.130 690.070 701.940 718.420 732.400 739.450 746.500 754.310 762.340 767.600 774.270 786.420 797.590 805.820 814.370 821.450 829.310 833.570 839.240 845.870 851.430 856.920 869.130 883.180 898.670 909.110 916.840 924.730 933.810 942.990
523.280 518.840 515.330 512.350 510.170 506.860 503.210 494.690 480.640 469.460 466.990 457.700 457.490 474.470 490.790 506.670 518.820 525.910 534.850 543.370 551.760 565.890 577.120 585.660 601.060 615.330 624.040 634.340 642.080 651.940 657.080 661.690 669.480 681.980 694.130 697.970 693.370 690.020 699.570 713.230 727.350 734.110 740.200 746.120 752.270 760.530 767.760 778.990 787.530 799.320 806.220 813.030 817.390 821.690 829.430 835.870 840.910 845.630 853.480 871.200 889.210 905.030 913.900 923.570 933.430 943.900
535.040 531.770 528.260 524.390 521.080 517.710 513.680 506.580 493.840 482.020 474.130 462.520 459.780 478.310 492.140 508.520 522.890 533.880 542.380 553.550 558.780 563.000 578.540 591.660 603.400 610.430 617.580 630.630 639.890 648.230 663.150 668.010 672.780 686.170 694.480 707.030 711.910 709.000 706.860 708.490 717.540 724.640 730.280 736.780 743.720 750.300 757.750 765.490 773.220 780.420 791.560 801.320 806.760 812.350 817.710 824.230 832.300 839.710 847.570 867.310 886.940 903.790 914.490 924.760 935.220 943.690
549.310 545.340 541.870 537.450 533.190 529.120 524.970 518.530 506.510 493.510 482.720 473.200 467.970 481.620 492.970 507.630 523.970 537.430 548.560 565.960 571.230 572.400 579.270 586.800 593.680 601.860 612.590 631.420 639.470 649.360 660.230 666.400 673.070 682.320 689.330 697.150 711.470 724.170 726.060 725.860 726.150 727.250 729.330 734.300 738.840 746.700 752.880 757.750 763.740 770.330 773.470 784.100 794.130 800.580 812.170 825.760 837.160 843.610 856.210 877.510 894.210 906.600 906.970 917.960 929.130 940.260
562.540 558.760 556.060 550.250 545.830 541.690 537.600 531.580 522.630 508.830 496.280 485.220 481.490 487.160 497.140 508.490 524.110 536.010 549.000 564.250 577.650 582.950 588.440 596.190 602.890 612.150 621.510 635.060 641.630 650.510 657.730 662.610 670.320 679.170 685.750 692.630 704.300 718.490 733.620 736.290 736.350 737.200 738.110 740.400 745.510 752.490 759.330 764.000 768.250 772.350 779.180 785.580 792.400 802.610 814.210 826.350 842.650 857.090 872.460 878.990 887.540 893.260 899.830 908.490 918.740 926.140
574.060 573.790 570.260 564.080 559.070 555.290 550.270 543.810 534.660 525.420 512.610 503.910 498.850 500.730 503.830 511.190 522.680 533.680 547.650 563.120 577.120 582.640 595.580 602.070 609.130 616.040 625.300 631.900 638.300 643.760 648.510 655.440 661.290 668.670 676.130 683.180 692.930 706.460 725.690 736.870 742.350 745.430 745.910 746.930 749.310 758.160 764.670 770.370 773.380 779.040 786.390 792.490 800.810 812.910 825.230 839.310 852.010 860.600 868.800 877.290 879.240 883.450 889.520 898.100 906.910 919.290
558.300 558.310 558.730 562.880 567.540 566.190 559.560 552.630 544.390 534.390 525.530 518.650 517.680 518.300 520.010 522.130 524.610 530.130 544.150 557.380 569.840 578.970 586.680 596.180 601.410 610.220 614.680 622.530 629.060 635.160 639.980 644.620 648.810 656.290 665.340 675.610 687.090 698.310 716.350 732.830 741.530 745.920 746.050 746.450 748.160 753.980 765.170 771.040 776.370 785.530 792.670 799.570 810.220 821.840 835.540 847.130 860.180 867.000 870.270 874.480 875.230 879.030 883.920 890.730 900.470 911.500
545.240 549.000 551.060 551.270 555.320 561.810 564.090 559.120 552.240 544.140 534.220 529.500 529.560 530.880 532.600 534.840 536.500 538.310 543.850 551.110 558.270 567.720 576.780 585.110 595.630 601.000 607.290 616.370 625.080 628.500 632.980 637.930 642.530 648.540 660.010 670.580 680.260 692.660 711.760 728.690 738.170 740.680 741.530 742.200 745.630 753.370 764.190 771.000 778.600 777.620 786.630 795.470 804.980 824.130 835.930 850.250 853.950 864.530 870.540 871.260 872.080 874.690 879.110 886.090 894.790 904.930
533.120 537.030 540.810 541.410 547.910 554.640 556.700 558.530 557.930 552.670 546.330 542.660 544.610 544.710 544.380 546.340 551.410 555.960 559.320 562.800 566.310 567.960 569.680 578.650 587.280 594.850 605.160 612.520 616.660 623.780 628.430 633.090 637.590 645.570 654.360 665.010 676.690 692.100 710.760 724.780 726.580 726.700 731.490 737.990 744.230 751.250 760.110 761.790 768.310 777.080 786.030 792.760 800.500 810.250 823.240 835.990 844.100 851.790 859.130 862.110 864.640 869.820 875.830 881.770 890.790 901.520
525.520 529.760 533.890 536.990 538.420 542.100 544.700 551.270 561.880 563.650 559.200 560.000 561.360 559.520 560.790 563.250 566.710 570.610 574.840 578.680 580.770 581.420 580.690 579.170 578.680 588.660 597.530 604.720 608.350 617.810 622.400 630.070 634.360 641.700 649.070 659.950 673.890 688.980 703.570 704.210 698.760 706.470 724.090 732.600 739.600 744.930 754.130 759.450 768.500 776.900 784.700 792.890 800.890 812.130 823.030 829.430 835.080 841.510 846.630 852.130 856.660 863.690 870.010 876.000 885.850 894.770
529.420 536.590 542.770 547.850 551.570 555.080 559.560 563.490 567.630 570.760 573.110 574.470 575.690 576.830 577.270 578.030 581.110 584.840 587.860 589.110 589.430 589.020 588.090 586.350 584.200 584.040 589.710 598.260 603.810 610.980 616.790 623.230 631.910 637.740 644.580 651.820 664.450 677.850 685.780 685.500 688.270 695.990 709.520 725.040 732.850 741.380 752.470 761.800 769.790 779.190 790.540 802.250 806.430 814.540 819.490 824.810 829.740 834.670 839.790 844.120 849.280 855.460 862.670 869.870 876.450 881.530
530.950 531.490 530.930 534.720 540.930 550.540 561.020 572.410 576.390 577.060 578.620 581.420 585.490 589.220 593.560 596.090 597.550 599.500 600.760 598.700 597.440 596.220 594.730 593.070 590.220 589.490 591.170 596.840 600.940 606.930 614.360 622.370 631.110 637.040 644.520 649.110 653.960 660.850 666.000 674.490 686.940 697.560 711.090 727.190 735.560 742.630 752.000 765.290 770.410 779.810 789.140 798.040 807.980 816.490 824.050 826.640 827.860 828.660 832.370 836.640 841.660 847.150 852.890 858.070 863.570 867.790
513.300 511.770 513.180 515.790 522.160 531.700 542.110 553.440 561.630 570.300 577.980 581.570 584.480 591.020 599.800 603.570 607.480 611.680 614.090 612.320 610.500 607.680 604.780 602.690 602.050 602.560 603.930 607.030 612.290 619.050 623.770 630.670 633.960 643.440 653.990 660.170 661.780 662.340 669.990 680.740 691.710 706.000 720.920 735.710 735.930 744.320 752.090 760.810 770.210 784.050 798.910 810.470 816.360 819.170 820.900 821.570 823.400 824.890 826.450 829.820 834.860 838.950 843.570 849.320 854.410 860.530
498.660 501.940 506.340 507.740 511.130 518.860 526.760 538.660 546.680 550.900 564.140 575.410 576.060 579.400 585.370 593.530 600.520 605.770 615.220 623.820 623.030 621.160 618.200 613.850 612.580 613.530 616.440 620.140 622.820 628.580 636.660 642.490 646.890 650.650 663.570 672.120 673.230 672.070 676.390 685.600 699.170 714.640 720.990 728.740 736.940 747.040 756.710 769.530 777.710 788.950 798.650 806.580 810.110 811.250 812.270 813.040 815.160 817.420 819.230 824.760 828.920 833.020 837.560 845.380 850.040 855.260
491.230 494.990 500.290 502.340 504.920 509.870 520.170 529.230 534.530 541.370 550.380 562.480 566.770 569.290 574.350 580.810 587.340 599.410 604.470 612.010 621.540 625.970 627.200 624.400 622.620 624.610 626.810 629.190 634.940 642.980 649.590 657.230 661.020 666.030 676.780 684.790 689.700 691.510 691.640 696.980 707.850 718.320 731.800 738.060 742.420 751.500 759.430 768.170 776.740 783.910 792.900 799.340 802.770 803.120 803.290 803.170 804.360 807.220 811.460 815.660 822.530 826.990 830.770 838.000 842.140 847.070
485.210 490.910 495.990 498.140 499.190 503.220 513.660 523.720 527.980 535.490 544.870 556.680 556.870 561.930 566.830 572.800 580.010 587.850 594.050 600.550 605.010 608.950 618.670 621.820 632.090 640.210 643.590 646.290 651.780 658.130 663.490 668.880 674.990 680.570 684.000 687.350 692.960 698.480 705.490 709.870 714.210 719.880 729.480 732.160 739.030 747.060 755.870 765.580 770.940 774.580 783.100 791.900 795.030 794.520 794.410 794.620 798.580 803.170 809.470 813.940 817.120 821.540 826.860 834.460 838.380 843.500
475.890 485.040 492.330 495.030 496.380 497.930 503.300 512.730 520.640 528.320 536.520 546.050 549.530 553.170 556.090 564.490 572.930 579.020 584.660 590.830 597.990 602.190 609.260 619.340 631.500 640.390 648.030 655.720 659.540 663.660 668.360 673.660 675.750 675.310 677.260 683.600 689.060 694.360 699.430 706.160 711.390 717.230 727.620 728.060 735.660 743.790 756.530 762.050 763.620 769.270 775.100 783.560 786.200 786.570 788.420 792.040 797.950 802.510 805.840 810.830 814.450 817.740 821.920 825.490 828.550 830.980
464.630 477.540 485.750 490.140 491.460 492.500 495.270 501.570 507.010 515.610 526.440 534.030 536.930 543.920 549.020 559.460 566.180 571.350 575.680 578.190 586.280 593.970 602.350 612.220 621.260 631.850 639.550 646.760 655.790 660.150 661.410 662.980 664.850 666.390 671.740 677.670 683.190 687.680 694.060 698.870 704.690 713.840 726.520 726.440 732.400 738.270 748.210 755.890 761.320 766.930 774.920 776.470 777.550 779.980 782.280 787.950 791.650 796.520 800.000 804.260 806.130 809.390 812.350 815.140 818.900 823.490
448.850 463.460 476.940 482.130 483.560 484.190 485.010 486.190 492.510 504.260 514.380 523.070 532.770 543.760 548.850 553.670 554.800 558.690 564.990 570.310 576.430 586.370 596.420 603.440 611.270 626.140 633.580 639.310 645.540 648.960 649.650 651.640 654.290 660.110 666.650 672.380 677.150 680.680 686.770 692.340 697.450 708.410 722.870 724.080 730.070 740.030 746.530 752.650 758.510 767.190 772.760 769.590 771.200 771.890 775.410 782.540 788.830 790.930 794.940 801.330 804.920 808.150 809.930 810.010 816.980 823.810
457.450 452.980 458.620 470.750 472.260 472.010 472.040 473.060 475.400 490.350 504.220 517.010 530.050 537.650 543.180 547.560 551.030 554.260 559.510 564.750 569.650 582.800 590.040 596.530 602.180 613.500 622.680 630.360 636.580 637.780 638.870 642.530 648.260 653.110 658.590 664.190 669.690 674.500 679.420 684.870 690.960 702.760 717.670 719.880 727.400 734.670 742.080 747.510 751.570 755.820 763.730 763.760 763.310 765.000 770.320 780.160 786.920 794.100 800.010 803.540 806.960 808.980 813.840 817.110 819.900 824.610
475.800 475.040 475.060 473.490 475.410 477.570 481.090 482.490 480.030 474.960 495.930 516.220 525.770 528.850 535.780 540.880 550.440 551.530 551.500 555.880 562.250 572.630 581.300 588.350 596.140 607.650 616.080 621.890 625.560 627.110 629.390 632.250 639.420 646.320 649.450 652.820 658.340 664.050 670.710 678.950 687.810 701.160 705.660 714.380 721.500 728.730 729.370 734.720 742.930 753.580 763.260 758.330 762.410 769.620 770.870 776.480 781.500 786.980 792.020 800.260 802.120 806.540 810.560 813.530 817.580 823.860
496.040 494.630 492.990 492.460 493.830 497.570 500.850 501.400 498.900 495.770 488.290 507.440 518.150 524.030 526.620 528.950 536.450 538.320 539.870 545.860 557.030 566.660 575.360 583.090 593.700 602.500 609.810 616.190 619.410 622.560 625.850 627.130 634.250 639.600 642.800 646.300 650.330 657.280 666.340 674.650 684.160 689.350 698.780 703.280 708.300 713.420 720.120 730.530 744.370 744.580 751.430 756.750 762.640 761.720 766.800 775.590 784.210 793.750 799.980 800.680 807.000 811.810 816.060 821.710 826.060 830.340
511.630 509.870 507.200 507.190 509.550 511.820 512.960 513.560 513.390 511.950 509.550 502.760 504.490 512.330 516.680 518.900 522.480 527.350 533.240 540.420 548.760 559.610 569.300 577.770 587.430 595.500 602.980 609.190 615.040 617.730 620.440 622.730 627.520 633.510 636.510 641.550 646.980 652.800 661.560 669.230 676.010 683.140 688.330 691.670 697.740 705.860 714.690 724.440 734.260 742.980 748.340 752.220 751.830 760.730 771.830 779.580 786.640 793.050 799.770 809.980 816.590 823.380 827.350 831.110 833.050 840.770
525.820 522.670 518.840 518.660 520.330 522.180 523.800 524.750 523.860 523.620 524.040 521.390 517.420 514.930 513.840 514.870 518.470 518.290 526.540 535.920 544.730 553.270 563.190 571.850 580.600 588.390 597.330 603.780 607.760 611.430 615.170 619.010 621.870 623.700 629.720 636.850 642.990 648.200 653.970 659.530 665.850 671.530 677.580 682.130 688.960 697.690 707.630 714.900 720.560 727.140 736.050 746.300 754.530 761.680 768.890 780.440 789.140 798.110 807.370 817.920 824.060 838.630 838.350 841.480 842.750 846.000
526.080 535.500 531.250 529.860 530.420 530.940 531.270 531.240 531.500 532.280 533.370 533.900 534.670 536.170 535.340 535.220 532.430 525.260 522.030 530.690 539.430 547.950 556.970 565.200 574.350 583.030 591.780 597.640 603.100 606.870 609.810 613.600 617.400 620.360 623.990 631.460 638.210 642.780 645.480 647.790 655.380 661.420 667.500 674.350 678.870 687.660 697.850 705.690 710.270 720.520 736.870 750.600 758.000 763.940 771.820 782.910 794.060 803.970 815.920 822.430 838.800 839.410 842.760 844.220 846.900 846.730
