Data/hsiaolin_topo_res20.asc
ncols        185
nrows        108
xllcorner    212862
yllcorner    2561517
cellsize     20
NODATA_value  0.000
[rows 58 to 86 of 108, columns 66 to 131 of 185]
530.060 532.880 536.290 539.830 538.470 538.050 538.160 539.680 539.700 540.340 542.310 545.610 550.430 553.540 556.310 556.340 549.570 538.910 527.820 527.340 535.880 543.890 550.400 560.840 569.080 577.200 585.130 590.270 595.670 601.140 605.870 608.940 612.360 615.780 619.740 627.050 633.290 636.730 637.970 638.400 644.100 649.960 655.900 662.580 668.880 673.890 683.610 693.360 700.140 718.140 734.140 749.710 761.320 768.480 775.130 784.560 796.060 807.960 818.550 833.950 834.860 839.620 842.610 846.960 849.640 852.850
537.150 540.030 542.020 545.620 550.950 548.680 548.510 550.180 550.090 550.140 551.490 555.310 563.760 561.730 560.580 561.060 565.450 552.950 537.480 527.430 532.380 541.430 546.710 555.810 564.920 572.680 580.180 584.020 588.110 598.100 604.190 606.830 609.180 613.140 616.430 621.930 626.530 629.040 630.740 634.480 644.980 653.500 658.280 662.720 669.200 676.880 685.400 690.900 702.770 717.730 734.180 751.220 764.400 773.370 782.120 788.980 797.570 810.230 823.460 830.690 835.530 839.360 842.940 848.950 855.270 860.240
543.540 549.730 551.530 553.090 556.760 557.960 560.720 562.300 562.350 562.350 563.420 567.560 564.130 562.440 561.350 561.060 562.150 564.340 548.330 531.710 529.600 538.100 543.910 552.220 560.700 568.550 574.150 579.670 587.740 592.820 596.870 598.190 601.900 603.710 610.860 613.490 622.820 633.340 636.100 644.580 653.740 661.350 666.810 670.730 674.270 684.780 697.200 706.670 712.690 724.280 737.040 751.800 767.200 778.440 787.000 794.850 804.040 813.190 814.550 824.020 833.230 840.110 846.070 861.110 870.820 878.700
534.500 542.490 545.220 550.260 558.520 564.760 562.560 572.080 573.200 571.300 571.450 571.790 564.310 563.220 562.130 561.080 562.140 563.230 558.060 540.450 530.090 533.740 539.670 547.060 557.040 564.090 569.400 581.120 583.830 586.840 589.940 594.150 600.540 604.880 615.380 623.870 632.110 641.710 643.780 648.660 660.010 670.650 677.860 686.690 697.680 705.360 712.640 722.970 730.290 732.940 737.690 749.570 769.440 779.990 788.450 797.270 808.950 817.420 823.050 832.720 839.840 843.110 848.820 860.400 873.620 883.970
531.780 533.690 536.730 539.750 550.010 554.880 558.590 559.390 560.560 563.520 566.490 566.170 564.710 563.660 562.690 561.720 562.200 563.240 563.600 551.040 539.750 538.620 542.050 551.720 558.540 562.020 574.800 581.630 584.980 589.520 592.780 598.350 603.130 612.290 619.840 631.720 640.740 650.790 653.240 661.260 670.540 679.730 688.700 700.230 710.780 717.370 726.140 738.560 744.820 745.460 746.700 753.390 768.740 779.620 788.600 798.720 810.270 826.840 835.270 842.450 847.620 851.640 854.830 858.650 870.260 881.910
531.950 535.270 537.340 539.240 551.070 555.180 556.260 556.860 557.110 557.470 559.470 563.880 563.530 563.660 564.780 561.520 562.370 563.320 564.280 564.960 564.460 561.470 563.020 569.380 577.420 577.260 576.300 584.870 589.310 593.260 599.230 606.370 611.470 622.270 631.410 641.660 653.190 663.430 669.170 679.590 685.650 690.670 699.120 710.560 719.640 729.410 741.600 749.030 754.230 757.950 759.150 761.430 768.700 780.390 790.480 801.560 815.100 825.530 838.310 848.710 853.240 855.320 862.800 869.300 870.310 881.100
529.650 526.150 530.430 539.060 545.900 556.250 554.160 554.240 554.760 559.200 559.960 560.520 557.850 563.200 561.030 561.380 562.500 562.630 563.800 564.320 564.240 570.910 580.580 584.200 592.580 593.770 592.650 593.400 600.570 606.850 613.220 619.520 625.280 633.430 643.240 652.740 665.540 672.190 679.750 691.610 698.860 704.910 713.190 720.460 731.700 743.200 752.170 758.160 764.550 767.530 769.040 770.260 773.050 789.290 800.580 806.920 816.760 833.320 840.650 849.730 853.620 857.480 864.880 874.550 881.810 886.630
519.590 514.720 526.360 537.000 541.430 544.760 548.820 551.620 554.440 553.860 548.360 549.180 555.430 565.160 560.510 561.780 563.730 563.370 564.160 564.740 566.670 571.650 581.370 589.400 596.240 606.810 607.830 609.480 615.920 622.740 627.700 636.330 641.460 645.230 655.170 669.070 678.460 686.240 693.780 705.240 715.360 722.360 729.650 736.330 743.570 754.350 762.590 769.900 774.750 781.080 786.160 791.620 796.200 802.050 807.220 812.690 820.810 835.060 845.670 852.840 861.590 865.740 871.640 879.410 886.420 893.530
506.090 514.830 523.540 528.940 531.830 537.210 543.290 547.440 548.880 546.680 541.870 548.070 554.560 563.060 559.990 562.760 564.940 566.350 568.920 573.340 576.630 583.360 592.370 601.790 607.540 610.640 617.750 623.450 623.980 627.640 632.580 641.200 649.380 659.030 666.950 676.940 693.010 702.060 707.630 715.820 727.040 733.950 739.140 745.140 756.240 765.010 774.160 785.230 793.280 798.280 801.330 804.040 808.410 815.550 822.420 827.720 833.310 844.080 858.140 864.620 871.990 879.020 886.900 894.810 898.800 905.830
502.860 510.720 515.770 516.240 520.600 527.690 534.550 537.060 537.370 537.580 534.710 545.650 551.820 560.610 568.140 571.130 576.500 580.200 585.230 588.200 593.030 595.410 603.850 611.820 617.270 625.280 626.630 630.840 645.510 644.870 643.750 645.020 656.980 667.810 674.420 687.240 701.880 713.360 719.390 726.040 734.830 744.600 752.460 761.150 769.370 779.720 788.480 798.750 805.350 811.630 816.220 821.700 828.600 835.110 839.760 843.630 847.870 856.860 870.550 881.910 890.730 896.570 907.030 914.300 922.320 923.110
495.680 498.760 503.920 507.480 515.540 522.230 527.900 529.650 531.130 530.900 535.470 543.530 550.360 560.840 568.090 573.170 578.960 586.720 597.100 601.070 605.020 606.380 610.860 613.520 616.120 622.990 629.600 636.700 645.140 650.050 658.060 655.490 665.770 676.200 684.890 698.180 714.180 726.660 732.090 738.170 745.140 754.380 763.130 770.830 784.670 792.050 805.050 812.660 819.150 824.230 832.730 841.280 847.640 853.210 861.220 869.230 868.140 874.590 883.350 892.520 899.900 912.580 924.210 934.530 937.840 942.510
496.230 498.650 500.060 501.510 507.620 516.470 525.400 527.350 527.600 531.110 536.150 545.390 552.010 565.700 575.360 579.830 586.580 591.770 595.690 605.550 607.960 611.250 616.340 619.890 627.050 633.910 640.250 649.060 657.160 662.990 663.580 667.430 670.050 682.040 696.980 713.270 731.680 745.400 754.150 758.080 761.840 769.870 773.500 782.550 795.390 807.940 819.240 827.470 836.820 846.650 853.310 858.510 864.490 871.870 880.790 885.850 885.120 889.890 896.770 906.520 918.970 929.420 937.560 941.090 946.350 951.850
507.270 510.420 514.650 515.430 513.710 514.650 518.630 525.730 530.380 534.230 541.400 549.430 564.930 573.650 585.700 592.410 595.920 597.770 601.640 608.710 617.030 617.530 624.660 631.480 639.900 647.850 654.270 660.490 668.720 675.240 676.520 680.570 675.270 687.030 702.070 727.080 740.290 753.490 766.810 775.290 775.900 778.630 785.900 803.420 813.460 825.470 835.080 845.410 853.490 861.140 867.430 873.640 879.900 888.550 895.250 898.280 902.500 907.340 915.490 926.430 935.040 942.100 949.410 956.550 951.400 952.270
516.920 522.190 526.860 528.270 528.310 529.200 531.310 534.010 538.110 542.570 547.840 566.870 575.970 579.800 587.740 595.410 598.150 602.610 609.720 618.580 620.770 631.340 635.200 640.920 650.590 659.500 667.330 675.200 679.520 684.540 687.040 691.010 688.470 696.120 712.550 727.460 742.540 754.060 768.740 777.880 779.880 793.440 807.460 818.130 828.210 837.430 849.600 855.920 864.440 872.870 878.340 880.190 884.500 890.120 895.280 899.870 908.540 918.760 928.500 936.640 943.120 947.700 952.450 955.040 947.870 940.610
529.970 534.390 538.510 540.150 539.400 540.310 541.680 543.160 546.530 550.140 561.820 571.730 573.600 576.680 581.270 587.430 590.800 596.680 600.270 607.120 613.990 625.210 636.590 644.810 655.360 664.880 675.570 683.720 689.750 693.980 699.820 701.240 698.810 710.470 725.730 736.380 747.970 761.910 774.320 783.720 797.800 811.980 823.160 831.420 839.750 850.430 856.020 862.300 867.940 870.290 858.110 852.890 867.320 878.360 885.940 892.870 900.540 915.000 928.660 936.360 940.940 944.900 950.630 941.650 927.960 918.270
543.960 548.140 552.790 552.920 551.750 551.830 553.650 555.670 559.470 563.060 564.540 563.670 565.080 572.340 575.950 576.110 578.170 582.480 587.920 592.930 603.270 611.070 626.770 649.510 655.670 667.750 682.360 697.820 707.870 713.270 714.930 720.170 719.600 727.180 736.110 745.280 756.930 771.890 784.670 797.430 811.360 825.520 833.030 840.530 847.980 851.990 853.320 853.610 850.610 837.710 831.360 837.710 851.320 866.840 880.080 889.860 897.990 910.220 924.220 930.790 936.040 939.860 935.240 922.690 912.460 899.930
556.920 560.100 561.560 561.080 560.790 559.600 556.680 555.950 555.000 553.030 550.970 553.690 556.440 563.110 561.410 559.550 563.040 571.810 577.610 583.950 593.880 605.040 623.040 638.440 652.250 667.010 684.530 701.580 711.480 720.110 725.170 732.220 735.850 737.990 743.510 753.450 768.380 783.080 796.350 810.400 820.520 826.580 831.550 836.440 839.420 837.530 831.520 824.180 816.300 815.080 824.980 834.260 843.930 859.270 876.390 886.180 895.160 906.280 916.820 925.490 930.420 932.340 922.440 908.850 901.580 883.800
559.430 563.930 565.740 562.080 557.590 553.390 548.840 544.810 540.690 536.960 538.710 544.870 548.530 546.870 545.130 554.820 562.860 567.520 573.210 579.890 588.100 599.340 612.650 627.410 642.710 660.630 678.460 696.730 708.570 717.790 726.230 735.440 739.170 743.630 749.960 764.180 780.270 793.180 802.520 807.830 812.660 819.190 826.610 830.400 827.790 816.290 808.280 797.980 796.540 807.770 820.210 829.550 838.240 850.590 868.040 880.220 890.090 899.190 906.790 909.550 916.400 920.490 911.520 899.080 887.760 875.000
546.570 549.790 555.080 552.360 546.830 541.980 538.770 535.140 529.840 522.570 526.110 531.930 534.450 539.010 556.200 570.660 576.260 581.930 587.430 592.470 597.700 599.930 605.870 618.350 633.020 650.200 666.880 686.260 702.150 715.450 721.910 731.800 738.360 745.290 756.230 773.210 787.380 790.320 792.240 796.380 802.730 810.020 817.690 821.860 807.620 792.850 786.560 777.990 783.750 797.970 805.830 816.140 828.950 842.530 857.410 869.820 879.740 888.680 882.300 884.810 892.900 899.380 899.040 889.180 875.220 864.080
536.200 538.580 540.220 535.030 525.690 530.850 530.840 525.560 518.190 513.090 518.620 523.300 535.160 549.590 570.980 581.970 586.870 592.380 597.900 604.630 614.260 618.920 624.260 625.500 634.080 648.260 664.040 679.500 693.710 705.640 716.830 724.210 735.130 742.590 755.620 771.440 777.740 779.340 782.720 788.790 796.250 805.330 813.310 805.580 787.400 771.550 767.200 759.530 768.920 776.340 784.910 796.620 815.790 834.460 848.930 860.460 870.010 869.940 857.680 872.420 883.180 885.280 885.330 880.320 863.910 851.770
525.700 526.970 522.970 513.580 512.710 521.130 518.860 515.170 507.500 516.660 524.940 542.210 555.430 568.130 580.090 587.730 596.270 601.500 607.360 613.860 619.590 626.030 633.100 644.700 650.500 654.320 662.360 673.850 685.390 696.580 707.710 718.040 728.210 737.710 751.260 763.890 767.030 770.700 775.660 785.530 794.640 803.210 802.750 791.850 774.550 760.750 752.850 746.250 753.080 764.000 776.090 791.530 809.850 828.400 841.820 852.290 857.370 843.900 847.490 859.620 865.460 866.810 851.280 856.580 846.260 835.890
510.420 510.780 508.820 505.920 506.990 509.190 503.640 501.800 511.950 525.800 546.140 560.760 560.440 560.760 575.610 582.770 592.100 600.590 606.110 613.020 619.480 627.670 638.590 651.790 661.180 670.040 676.800 682.290 687.000 692.980 703.060 712.110 724.730 736.300 746.570 754.530 761.090 764.190 774.660 785.770 794.570 798.130 792.600 781.470 767.150 751.160 739.090 737.740 747.630 761.660 772.300 786.930 803.290 820.930 834.020 841.720 837.870 826.600 831.600 837.170 844.610 843.160 831.520 824.840 818.640 819.560
500.140 500.330 502.170 501.510 502.400 501.100 494.650 504.060 524.790 536.540 541.840 542.400 550.600 558.350 575.280 585.520 595.020 601.010 609.940 615.780 621.520 629.310 643.630 654.960 666.250 675.470 683.180 688.630 697.340 705.820 711.820 719.960 729.290 740.310 744.770 750.640 757.850 766.970 779.320 787.390 789.380 786.730 780.710 770.440 749.070 741.240 725.810 734.340 745.520 756.280 766.320 779.790 796.070 812.930 824.250 827.250 806.200 807.120 814.460 823.610 829.450 827.660 817.740 806.470 799.930 800.430
487.700 490.480 493.000 493.710 492.470 487.790 498.310 511.580 520.860 525.330 530.100 539.610 552.020 563.900 580.270 591.820 598.360 608.210 614.700 619.720 623.880 634.430 649.330 657.750 665.480 675.120 683.630 693.380 706.140 713.180 720.200 727.710 741.300 745.930 747.260 751.220 760.740 771.290 780.840 782.010 779.320 772.980 761.380 754.290 738.630 728.850 711.470 728.410 737.830 749.140 761.670 776.900 793.280 807.180 810.870 799.750 786.590 801.290 808.200 813.860 815.480 806.390 804.450 787.670 776.240 777.670
475.450 474.390 477.830 481.530 484.030 491.380 502.920 510.060 516.130 522.940 535.400 545.790 553.560 568.690 584.780 594.800 600.410 610.070 618.390 622.590 625.870 640.570 652.760 660.230 667.950 677.740 687.440 696.930 707.490 719.560 727.330 738.430 741.400 742.280 745.560 754.920 765.790 771.850 771.230 771.770 766.440 752.270 740.340 736.660 729.060 713.400 697.380 714.700 729.920 745.080 760.590 776.630 791.040 796.430 784.310 772.620 772.630 774.970 784.820 794.270 801.960 794.340 786.080 764.220 748.240 759.410
469.450 479.470 486.400 487.710 489.750 498.080 508.720 512.730 517.920 525.670 529.810 539.760 552.130 568.540 582.740 589.700 597.940 607.010 616.640 622.950 627.230 639.850 652.920 662.400 670.400 679.630 689.270 700.000 706.600 716.060 727.420 729.950 734.170 741.950 750.800 761.760 763.870 756.580 753.820 755.500 752.620 738.770 726.230 719.680 712.130 697.670 694.420 709.850 724.590 740.670 758.130 773.300 779.050 771.040 752.610 748.430 753.780 760.570 772.220 783.380 791.300 787.630 770.830 744.760 741.940 748.540
474.880 487.080 498.120 500.800 501.320 505.080 512.470 520.040 531.730 535.460 537.300 540.020 550.610 564.100 572.280 580.640 587.870 596.790 607.050 624.910 629.780 638.260 649.450 660.630 669.580 678.880 690.980 700.440 707.860 715.210 722.950 734.510 742.870 749.900 763.650 760.450 748.360 739.780 740.400 743.060 738.940 724.880 712.510 703.700 695.890 685.600 695.680 713.560 727.210 745.730 760.200 764.380 757.290 746.070 729.620 732.370 740.210 751.460 763.280 774.850 785.280 779.060 753.720 733.180 737.830 741.070
485.300 487.900 498.070 505.800 507.530 511.190 519.100 525.360 543.730 548.610 550.920 552.660 555.310 560.480 567.330 578.210 582.320 587.150 597.670 615.250 629.530 636.330 644.820 658.540 669.180 680.840 694.470 704.250 713.890 721.720 732.990 743.650 754.550 764.940 771.030 748.060 734.120 722.000 727.910 730.090 728.350 718.330 706.010 693.980 683.060 680.860 697.180 717.070 734.640 751.030 754.510 751.670 739.330 726.730 717.360 722.930 734.330 747.120 760.130 770.240 779.750 774.230 745.330 727.600 732.460 736.690
497.370 497.450 498.670 507.230 516.430 519.010 523.560 532.000 546.760 553.500 560.190 561.110 562.130 564.060 572.470 582.990 592.420 597.430 599.330 605.440 620.020 635.520 647.210 661.520 673.440 686.600 699.940 711.470 720.950 730.350 743.350 755.850 764.780 772.780 761.750 741.970 730.980 713.040 703.960 696.350 693.220 703.020 696.900 684.750 675.720 681.570 696.960 711.680 731.500 735.810 736.930 735.150 723.690 712.460 707.070 719.040 731.580 742.950 756.800 766.970 772.620 762.920 735.290 716.950 725.020 729.000
